* Latitude/Longitude lines every 5 degrees
*
 rev 1.4
  units latlon degrees
  *
 entity-c boundaries geography lat_lon_05 "lat"
 curve r "lat" 361
 85 0 85 1 85 2 85 3 85 4 85 5 85 6 85 7 85 8 85 9
 85 10 85 11 85 12 85 13 85 14 85 15 85 16 85 17 85 18 85 19
 85 20 85 21 85 22 85 23 85 24 85 25 85 26 85 27 85 28 85 29
 85 30 85 31 85 32 85 33 85 34 85 35 85 36 85 37 85 38 85 39
 85 40 85 41 85 42 85 43 85 44 85 45 85 46 85 47 85 48 85 49
 85 50 85 51 85 52 85 53 85 54 85 55 85 56 85 57 85 58 85 59
 85 60 85 61 85 62 85 63 85 64 85 65 85 66 85 67 85 68 85 69
 85 70 85 71 85 72 85 73 85 74 85 75 85 76 85 77 85 78 85 79
 85 80 85 81 85 82 85 83 85 84 85 85 85 86 85 87 85 88 85 89
 85 90 85 91 85 92 85 93 85 94 85 95 85 96 85 97 85 98 85 99
 85 100 85 101 85 102 85 103 85 104 85 105 85 106 85 107 85 108 85 109
 85 110 85 111 85 112 85 113 85 114 85 115 85 116 85 117 85 118 85 119
 85 120 85 121 85 122 85 123 85 124 85 125 85 126 85 127 85 128 85 129
 85 130 85 131 85 132 85 133 85 134 85 135 85 136 85 137 85 138 85 139
 85 140 85 141 85 142 85 143 85 144 85 145 85 146 85 147 85 148 85 149
 85 150 85 151 85 152 85 153 85 154 85 155 85 156 85 157 85 158 85 159
 85 160 85 161 85 162 85 163 85 164 85 165 85 166 85 167 85 168 85 169
 85 170 85 171 85 172 85 173 85 174 85 175 85 176 85 177 85 178 85 179
 85 180 85 181 85 182 85 183 85 184 85 185 85 186 85 187 85 188 85 189
 85 190 85 191 85 192 85 193 85 194 85 195 85 196 85 197 85 198 85 199
 85 200 85 201 85 202 85 203 85 204 85 205 85 206 85 207 85 208 85 209
 85 210 85 211 85 212 85 213 85 214 85 215 85 216 85 217 85 218 85 219
 85 220 85 221 85 222 85 223 85 224 85 225 85 226 85 227 85 228 85 229
 85 230 85 231 85 232 85 233 85 234 85 235 85 236 85 237 85 238 85 239
 85 240 85 241 85 242 85 243 85 244 85 245 85 246 85 247 85 248 85 249
 85 250 85 251 85 252 85 253 85 254 85 255 85 256 85 257 85 258 85 259
 85 260 85 261 85 262 85 263 85 264 85 265 85 266 85 267 85 268 85 269
 85 270 85 271 85 272 85 273 85 274 85 275 85 276 85 277 85 278 85 279
 85 280 85 281 85 282 85 283 85 284 85 285 85 286 85 287 85 288 85 289
 85 290 85 291 85 292 85 293 85 294 85 295 85 296 85 297 85 298 85 299
 85 300 85 301 85 302 85 303 85 304 85 305 85 306 85 307 85 308 85 309
 85 310 85 311 85 312 85 313 85 314 85 315 85 316 85 317 85 318 85 319
 85 320 85 321 85 322 85 323 85 324 85 325 85 326 85 327 85 328 85 329
 85 330 85 331 85 332 85 333 85 334 85 335 85 336 85 337 85 338 85 339
 85 340 85 341 85 342 85 343 85 344 85 345 85 346 85 347 85 348 85 349
 85 350 85 351 85 352 85 353 85 354 85 355 85 356 85 357 85 358 85 359
 85 360
 entity-c boundaries geography lat_lon_05 "lat"
 curve r "lat" 361
 75 0 75 1 75 2 75 3 75 4 75 5 75 6 75 7 75 8 75 9
 75 10 75 11 75 12 75 13 75 14 75 15 75 16 75 17 75 18 75 19
 75 20 75 21 75 22 75 23 75 24 75 25 75 26 75 27 75 28 75 29
 75 30 75 31 75 32 75 33 75 34 75 35 75 36 75 37 75 38 75 39
 75 40 75 41 75 42 75 43 75 44 75 45 75 46 75 47 75 48 75 49
 75 50 75 51 75 52 75 53 75 54 75 55 75 56 75 57 75 58 75 59
 75 60 75 61 75 62 75 63 75 64 75 65 75 66 75 67 75 68 75 69
 75 70 75 71 75 72 75 73 75 74 75 75 75 76 75 77 75 78 75 79
 75 80 75 81 75 82 75 83 75 84 75 85 75 86 75 87 75 88 75 89
 75 90 75 91 75 92 75 93 75 94 75 95 75 96 75 97 75 98 75 99
 75 100 75 101 75 102 75 103 75 104 75 105 75 106 75 107 75 108 75 109
 75 110 75 111 75 112 75 113 75 114 75 115 75 116 75 117 75 118 75 119
 75 120 75 121 75 122 75 123 75 124 75 125 75 126 75 127 75 128 75 129
 75 130 75 131 75 132 75 133 75 134 75 135 75 136 75 137 75 138 75 139
 75 140 75 141 75 142 75 143 75 144 75 145 75 146 75 147 75 148 75 149
 75 150 75 151 75 152 75 153 75 154 75 155 75 156 75 157 75 158 75 159
 75 160 75 161 75 162 75 163 75 164 75 165 75 166 75 167 75 168 75 169
 75 170 75 171 75 172 75 173 75 174 75 175 75 176 75 177 75 178 75 179
 75 180 75 181 75 182 75 183 75 184 75 185 75 186 75 187 75 188 75 189
 75 190 75 191 75 192 75 193 75 194 75 195 75 196 75 197 75 198 75 199
 75 200 75 201 75 202 75 203 75 204 75 205 75 206 75 207 75 208 75 209
 75 210 75 211 75 212 75 213 75 214 75 215 75 216 75 217 75 218 75 219
 75 220 75 221 75 222 75 223 75 224 75 225 75 226 75 227 75 228 75 229
 75 230 75 231 75 232 75 233 75 234 75 235 75 236 75 237 75 238 75 239
 75 240 75 241 75 242 75 243 75 244 75 245 75 246 75 247 75 248 75 249
 75 250 75 251 75 252 75 253 75 254 75 255 75 256 75 257 75 258 75 259
 75 260 75 261 75 262 75 263 75 264 75 265 75 266 75 267 75 268 75 269
 75 270 75 271 75 272 75 273 75 274 75 275 75 276 75 277 75 278 75 279
 75 280 75 281 75 282 75 283 75 284 75 285 75 286 75 287 75 288 75 289
 75 290 75 291 75 292 75 293 75 294 75 295 75 296 75 297 75 298 75 299
 75 300 75 301 75 302 75 303 75 304 75 305 75 306 75 307 75 308 75 309
 75 310 75 311 75 312 75 313 75 314 75 315 75 316 75 317 75 318 75 319
 75 320 75 321 75 322 75 323 75 324 75 325 75 326 75 327 75 328 75 329
 75 330 75 331 75 332 75 333 75 334 75 335 75 336 75 337 75 338 75 339
 75 340 75 341 75 342 75 343 75 344 75 345 75 346 75 347 75 348 75 349
 75 350 75 351 75 352 75 353 75 354 75 355 75 356 75 357 75 358 75 359
 75 360
 entity-c boundaries geography lat_lon_05 "lat"
 curve r "lat" 361
 65 0 65 1 65 2 65 3 65 4 65 5 65 6 65 7 65 8 65 9
 65 10 65 11 65 12 65 13 65 14 65 15 65 16 65 17 65 18 65 19
 65 20 65 21 65 22 65 23 65 24 65 25 65 26 65 27 65 28 65 29
 65 30 65 31 65 32 65 33 65 34 65 35 65 36 65 37 65 38 65 39
 65 40 65 41 65 42 65 43 65 44 65 45 65 46 65 47 65 48 65 49
 65 50 65 51 65 52 65 53 65 54 65 55 65 56 65 57 65 58 65 59
 65 60 65 61 65 62 65 63 65 64 65 65 65 66 65 67 65 68 65 69
 65 70 65 71 65 72 65 73 65 74 65 75 65 76 65 77 65 78 65 79
 65 80 65 81 65 82 65 83 65 84 65 85 65 86 65 87 65 88 65 89
 65 90 65 91 65 92 65 93 65 94 65 95 65 96 65 97 65 98 65 99
 65 100 65 101 65 102 65 103 65 104 65 105 65 106 65 107 65 108 65 109
 65 110 65 111 65 112 65 113 65 114 65 115 65 116 65 117 65 118 65 119
 65 120 65 121 65 122 65 123 65 124 65 125 65 126 65 127 65 128 65 129
 65 130 65 131 65 132 65 133 65 134 65 135 65 136 65 137 65 138 65 139
 65 140 65 141 65 142 65 143 65 144 65 145 65 146 65 147 65 148 65 149
 65 150 65 151 65 152 65 153 65 154 65 155 65 156 65 157 65 158 65 159
 65 160 65 161 65 162 65 163 65 164 65 165 65 166 65 167 65 168 65 169
 65 170 65 171 65 172 65 173 65 174 65 175 65 176 65 177 65 178 65 179
 65 180 65 181 65 182 65 183 65 184 65 185 65 186 65 187 65 188 65 189
 65 190 65 191 65 192 65 193 65 194 65 195 65 196 65 197 65 198 65 199
 65 200 65 201 65 202 65 203 65 204 65 205 65 206 65 207 65 208 65 209
 65 210 65 211 65 212 65 213 65 214 65 215 65 216 65 217 65 218 65 219
 65 220 65 221 65 222 65 223 65 224 65 225 65 226 65 227 65 228 65 229
 65 230 65 231 65 232 65 233 65 234 65 235 65 236 65 237 65 238 65 239
 65 240 65 241 65 242 65 243 65 244 65 245 65 246 65 247 65 248 65 249
 65 250 65 251 65 252 65 253 65 254 65 255 65 256 65 257 65 258 65 259
 65 260 65 261 65 262 65 263 65 264 65 265 65 266 65 267 65 268 65 269
 65 270 65 271 65 272 65 273 65 274 65 275 65 276 65 277 65 278 65 279
 65 280 65 281 65 282 65 283 65 284 65 285 65 286 65 287 65 288 65 289
 65 290 65 291 65 292 65 293 65 294 65 295 65 296 65 297 65 298 65 299
 65 300 65 301 65 302 65 303 65 304 65 305 65 306 65 307 65 308 65 309
 65 310 65 311 65 312 65 313 65 314 65 315 65 316 65 317 65 318 65 319
 65 320 65 321 65 322 65 323 65 324 65 325 65 326 65 327 65 328 65 329
 65 330 65 331 65 332 65 333 65 334 65 335 65 336 65 337 65 338 65 339
 65 340 65 341 65 342 65 343 65 344 65 345 65 346 65 347 65 348 65 349
 65 350 65 351 65 352 65 353 65 354 65 355 65 356 65 357 65 358 65 359
 65 360
 entity-c boundaries geography lat_lon_05 "lat"
 curve r "lat" 361
 55 0 55 1 55 2 55 3 55 4 55 5 55 6 55 7 55 8 55 9
 55 10 55 11 55 12 55 13 55 14 55 15 55 16 55 17 55 18 55 19
 55 20 55 21 55 22 55 23 55 24 55 25 55 26 55 27 55 28 55 29
 55 30 55 31 55 32 55 33 55 34 55 35 55 36 55 37 55 38 55 39
 55 40 55 41 55 42 55 43 55 44 55 45 55 46 55 47 55 48 55 49
 55 50 55 51 55 52 55 53 55 54 55 55 55 56 55 57 55 58 55 59
 55 60 55 61 55 62 55 63 55 64 55 65 55 66 55 67 55 68 55 69
 55 70 55 71 55 72 55 73 55 74 55 75 55 76 55 77 55 78 55 79
 55 80 55 81 55 82 55 83 55 84 55 85 55 86 55 87 55 88 55 89
 55 90 55 91 55 92 55 93 55 94 55 95 55 96 55 97 55 98 55 99
 55 100 55 101 55 102 55 103 55 104 55 105 55 106 55 107 55 108 55 109
 55 110 55 111 55 112 55 113 55 114 55 115 55 116 55 117 55 118 55 119
 55 120 55 121 55 122 55 123 55 124 55 125 55 126 55 127 55 128 55 129
 55 130 55 131 55 132 55 133 55 134 55 135 55 136 55 137 55 138 55 139
 55 140 55 141 55 142 55 143 55 144 55 145 55 146 55 147 55 148 55 149
 55 150 55 151 55 152 55 153 55 154 55 155 55 156 55 157 55 158 55 159
 55 160 55 161 55 162 55 163 55 164 55 165 55 166 55 167 55 168 55 169
 55 170 55 171 55 172 55 173 55 174 55 175 55 176 55 177 55 178 55 179
 55 180 55 181 55 182 55 183 55 184 55 185 55 186 55 187 55 188 55 189
 55 190 55 191 55 192 55 193 55 194 55 195 55 196 55 197 55 198 55 199
 55 200 55 201 55 202 55 203 55 204 55 205 55 206 55 207 55 208 55 209
 55 210 55 211 55 212 55 213 55 214 55 215 55 216 55 217 55 218 55 219
 55 220 55 221 55 222 55 223 55 224 55 225 55 226 55 227 55 228 55 229
 55 230 55 231 55 232 55 233 55 234 55 235 55 236 55 237 55 238 55 239
 55 240 55 241 55 242 55 243 55 244 55 245 55 246 55 247 55 248 55 249
 55 250 55 251 55 252 55 253 55 254 55 255 55 256 55 257 55 258 55 259
 55 260 55 261 55 262 55 263 55 264 55 265 55 266 55 267 55 268 55 269
 55 270 55 271 55 272 55 273 55 274 55 275 55 276 55 277 55 278 55 279
 55 280 55 281 55 282 55 283 55 284 55 285 55 286 55 287 55 288 55 289
 55 290 55 291 55 292 55 293 55 294 55 295 55 296 55 297 55 298 55 299
 55 300 55 301 55 302 55 303 55 304 55 305 55 306 55 307 55 308 55 309
 55 310 55 311 55 312 55 313 55 314 55 315 55 316 55 317 55 318 55 319
 55 320 55 321 55 322 55 323 55 324 55 325 55 326 55 327 55 328 55 329
 55 330 55 331 55 332 55 333 55 334 55 335 55 336 55 337 55 338 55 339
 55 340 55 341 55 342 55 343 55 344 55 345 55 346 55 347 55 348 55 349
 55 350 55 351 55 352 55 353 55 354 55 355 55 356 55 357 55 358 55 359
 55 360
 entity-c boundaries geography lat_lon_05 "lat"
 curve r "lat" 361
 45 0 45 1 45 2 45 3 45 4 45 5 45 6 45 7 45 8 45 9
 45 10 45 11 45 12 45 13 45 14 45 15 45 16 45 17 45 18 45 19
 45 20 45 21 45 22 45 23 45 24 45 25 45 26 45 27 45 28 45 29
 45 30 45 31 45 32 45 33 45 34 45 35 45 36 45 37 45 38 45 39
 45 40 45 41 45 42 45 43 45 44 45 45 45 46 45 47 45 48 45 49
 45 50 45 51 45 52 45 53 45 54 45 55 45 56 45 57 45 58 45 59
 45 60 45 61 45 62 45 63 45 64 45 65 45 66 45 67 45 68 45 69
 45 70 45 71 45 72 45 73 45 74 45 75 45 76 45 77 45 78 45 79
 45 80 45 81 45 82 45 83 45 84 45 85 45 86 45 87 45 88 45 89
 45 90 45 91 45 92 45 93 45 94 45 95 45 96 45 97 45 98 45 99
 45 100 45 101 45 102 45 103 45 104 45 105 45 106 45 107 45 108 45 109
 45 110 45 111 45 112 45 113 45 114 45 115 45 116 45 117 45 118 45 119
 45 120 45 121 45 122 45 123 45 124 45 125 45 126 45 127 45 128 45 129
 45 130 45 131 45 132 45 133 45 134 45 135 45 136 45 137 45 138 45 139
 45 140 45 141 45 142 45 143 45 144 45 145 45 146 45 147 45 148 45 149
 45 150 45 151 45 152 45 153 45 154 45 155 45 156 45 157 45 158 45 159
 45 160 45 161 45 162 45 163 45 164 45 165 45 166 45 167 45 168 45 169
 45 170 45 171 45 172 45 173 45 174 45 175 45 176 45 177 45 178 45 179
 45 180 45 181 45 182 45 183 45 184 45 185 45 186 45 187 45 188 45 189
 45 190 45 191 45 192 45 193 45 194 45 195 45 196 45 197 45 198 45 199
 45 200 45 201 45 202 45 203 45 204 45 205 45 206 45 207 45 208 45 209
 45 210 45 211 45 212 45 213 45 214 45 215 45 216 45 217 45 218 45 219
 45 220 45 221 45 222 45 223 45 224 45 225 45 226 45 227 45 228 45 229
 45 230 45 231 45 232 45 233 45 234 45 235 45 236 45 237 45 238 45 239
 45 240 45 241 45 242 45 243 45 244 45 245 45 246 45 247 45 248 45 249
 45 250 45 251 45 252 45 253 45 254 45 255 45 256 45 257 45 258 45 259
 45 260 45 261 45 262 45 263 45 264 45 265 45 266 45 267 45 268 45 269
 45 270 45 271 45 272 45 273 45 274 45 275 45 276 45 277 45 278 45 279
 45 280 45 281 45 282 45 283 45 284 45 285 45 286 45 287 45 288 45 289
 45 290 45 291 45 292 45 293 45 294 45 295 45 296 45 297 45 298 45 299
 45 300 45 301 45 302 45 303 45 304 45 305 45 306 45 307 45 308 45 309
 45 310 45 311 45 312 45 313 45 314 45 315 45 316 45 317 45 318 45 319
 45 320 45 321 45 322 45 323 45 324 45 325 45 326 45 327 45 328 45 329
 45 330 45 331 45 332 45 333 45 334 45 335 45 336 45 337 45 338 45 339
 45 340 45 341 45 342 45 343 45 344 45 345 45 346 45 347 45 348 45 349
 45 350 45 351 45 352 45 353 45 354 45 355 45 356 45 357 45 358 45 359
 45 360
 entity-c boundaries geography lat_lon_05 "lat"
 curve r "lat" 361
 35 0 35 1 35 2 35 3 35 4 35 5 35 6 35 7 35 8 35 9
 35 10 35 11 35 12 35 13 35 14 35 15 35 16 35 17 35 18 35 19
 35 20 35 21 35 22 35 23 35 24 35 25 35 26 35 27 35 28 35 29
 35 30 35 31 35 32 35 33 35 34 35 35 35 36 35 37 35 38 35 39
 35 40 35 41 35 42 35 43 35 44 35 45 35 46 35 47 35 48 35 49
 35 50 35 51 35 52 35 53 35 54 35 55 35 56 35 57 35 58 35 59
 35 60 35 61 35 62 35 63 35 64 35 65 35 66 35 67 35 68 35 69
 35 70 35 71 35 72 35 73 35 74 35 75 35 76 35 77 35 78 35 79
 35 80 35 81 35 82 35 83 35 84 35 85 35 86 35 87 35 88 35 89
 35 90 35 91 35 92 35 93 35 94 35 95 35 96 35 97 35 98 35 99
 35 100 35 101 35 102 35 103 35 104 35 105 35 106 35 107 35 108 35 109
 35 110 35 111 35 112 35 113 35 114 35 115 35 116 35 117 35 118 35 119
 35 120 35 121 35 122 35 123 35 124 35 125 35 126 35 127 35 128 35 129
 35 130 35 131 35 132 35 133 35 134 35 135 35 136 35 137 35 138 35 139
 35 140 35 141 35 142 35 143 35 144 35 145 35 146 35 147 35 148 35 149
 35 150 35 151 35 152 35 153 35 154 35 155 35 156 35 157 35 158 35 159
 35 160 35 161 35 162 35 163 35 164 35 165 35 166 35 167 35 168 35 169
 35 170 35 171 35 172 35 173 35 174 35 175 35 176 35 177 35 178 35 179
 35 180 35 181 35 182 35 183 35 184 35 185 35 186 35 187 35 188 35 189
 35 190 35 191 35 192 35 193 35 194 35 195 35 196 35 197 35 198 35 199
 35 200 35 201 35 202 35 203 35 204 35 205 35 206 35 207 35 208 35 209
 35 210 35 211 35 212 35 213 35 214 35 215 35 216 35 217 35 218 35 219
 35 220 35 221 35 222 35 223 35 224 35 225 35 226 35 227 35 228 35 229
 35 230 35 231 35 232 35 233 35 234 35 235 35 236 35 237 35 238 35 239
 35 240 35 241 35 242 35 243 35 244 35 245 35 246 35 247 35 248 35 249
 35 250 35 251 35 252 35 253 35 254 35 255 35 256 35 257 35 258 35 259
 35 260 35 261 35 262 35 263 35 264 35 265 35 266 35 267 35 268 35 269
 35 270 35 271 35 272 35 273 35 274 35 275 35 276 35 277 35 278 35 279
 35 280 35 281 35 282 35 283 35 284 35 285 35 286 35 287 35 288 35 289
 35 290 35 291 35 292 35 293 35 294 35 295 35 296 35 297 35 298 35 299
 35 300 35 301 35 302 35 303 35 304 35 305 35 306 35 307 35 308 35 309
 35 310 35 311 35 312 35 313 35 314 35 315 35 316 35 317 35 318 35 319
 35 320 35 321 35 322 35 323 35 324 35 325 35 326 35 327 35 328 35 329
 35 330 35 331 35 332 35 333 35 334 35 335 35 336 35 337 35 338 35 339
 35 340 35 341 35 342 35 343 35 344 35 345 35 346 35 347 35 348 35 349
 35 350 35 351 35 352 35 353 35 354 35 355 35 356 35 357 35 358 35 359
 35 360
 entity-c boundaries geography lat_lon_05 "lat"
 curve r "lat" 361
 25 0 25 1 25 2 25 3 25 4 25 5 25 6 25 7 25 8 25 9
 25 10 25 11 25 12 25 13 25 14 25 15 25 16 25 17 25 18 25 19
 25 20 25 21 25 22 25 23 25 24 25 25 25 26 25 27 25 28 25 29
 25 30 25 31 25 32 25 33 25 34 25 35 25 36 25 37 25 38 25 39
 25 40 25 41 25 42 25 43 25 44 25 45 25 46 25 47 25 48 25 49
 25 50 25 51 25 52 25 53 25 54 25 55 25 56 25 57 25 58 25 59
 25 60 25 61 25 62 25 63 25 64 25 65 25 66 25 67 25 68 25 69
 25 70 25 71 25 72 25 73 25 74 25 75 25 76 25 77 25 78 25 79
 25 80 25 81 25 82 25 83 25 84 25 85 25 86 25 87 25 88 25 89
 25 90 25 91 25 92 25 93 25 94 25 95 25 96 25 97 25 98 25 99
 25 100 25 101 25 102 25 103 25 104 25 105 25 106 25 107 25 108 25 109
 25 110 25 111 25 112 25 113 25 114 25 115 25 116 25 117 25 118 25 119
 25 120 25 121 25 122 25 123 25 124 25 125 25 126 25 127 25 128 25 129
 25 130 25 131 25 132 25 133 25 134 25 135 25 136 25 137 25 138 25 139
 25 140 25 141 25 142 25 143 25 144 25 145 25 146 25 147 25 148 25 149
 25 150 25 151 25 152 25 153 25 154 25 155 25 156 25 157 25 158 25 159
 25 160 25 161 25 162 25 163 25 164 25 165 25 166 25 167 25 168 25 169
 25 170 25 171 25 172 25 173 25 174 25 175 25 176 25 177 25 178 25 179
 25 180 25 181 25 182 25 183 25 184 25 185 25 186 25 187 25 188 25 189
 25 190 25 191 25 192 25 193 25 194 25 195 25 196 25 197 25 198 25 199
 25 200 25 201 25 202 25 203 25 204 25 205 25 206 25 207 25 208 25 209
 25 210 25 211 25 212 25 213 25 214 25 215 25 216 25 217 25 218 25 219
 25 220 25 221 25 222 25 223 25 224 25 225 25 226 25 227 25 228 25 229
 25 230 25 231 25 232 25 233 25 234 25 235 25 236 25 237 25 238 25 239
 25 240 25 241 25 242 25 243 25 244 25 245 25 246 25 247 25 248 25 249
 25 250 25 251 25 252 25 253 25 254 25 255 25 256 25 257 25 258 25 259
 25 260 25 261 25 262 25 263 25 264 25 265 25 266 25 267 25 268 25 269
 25 270 25 271 25 272 25 273 25 274 25 275 25 276 25 277 25 278 25 279
 25 280 25 281 25 282 25 283 25 284 25 285 25 286 25 287 25 288 25 289
 25 290 25 291 25 292 25 293 25 294 25 295 25 296 25 297 25 298 25 299
 25 300 25 301 25 302 25 303 25 304 25 305 25 306 25 307 25 308 25 309
 25 310 25 311 25 312 25 313 25 314 25 315 25 316 25 317 25 318 25 319
 25 320 25 321 25 322 25 323 25 324 25 325 25 326 25 327 25 328 25 329
 25 330 25 331 25 332 25 333 25 334 25 335 25 336 25 337 25 338 25 339
 25 340 25 341 25 342 25 343 25 344 25 345 25 346 25 347 25 348 25 349
 25 350 25 351 25 352 25 353 25 354 25 355 25 356 25 357 25 358 25 359
 25 360
 entity-c boundaries geography lat_lon_05 "lat"
 curve r "lat" 361
 15 0 15 1 15 2 15 3 15 4 15 5 15 6 15 7 15 8 15 9
 15 10 15 11 15 12 15 13 15 14 15 15 15 16 15 17 15 18 15 19
 15 20 15 21 15 22 15 23 15 24 15 25 15 26 15 27 15 28 15 29
 15 30 15 31 15 32 15 33 15 34 15 35 15 36 15 37 15 38 15 39
 15 40 15 41 15 42 15 43 15 44 15 45 15 46 15 47 15 48 15 49
 15 50 15 51 15 52 15 53 15 54 15 55 15 56 15 57 15 58 15 59
 15 60 15 61 15 62 15 63 15 64 15 65 15 66 15 67 15 68 15 69
 15 70 15 71 15 72 15 73 15 74 15 75 15 76 15 77 15 78 15 79
 15 80 15 81 15 82 15 83 15 84 15 85 15 86 15 87 15 88 15 89
 15 90 15 91 15 92 15 93 15 94 15 95 15 96 15 97 15 98 15 99
 15 100 15 101 15 102 15 103 15 104 15 105 15 106 15 107 15 108 15 109
 15 110 15 111 15 112 15 113 15 114 15 115 15 116 15 117 15 118 15 119
 15 120 15 121 15 122 15 123 15 124 15 125 15 126 15 127 15 128 15 129
 15 130 15 131 15 132 15 133 15 134 15 135 15 136 15 137 15 138 15 139
 15 140 15 141 15 142 15 143 15 144 15 145 15 146 15 147 15 148 15 149
 15 150 15 151 15 152 15 153 15 154 15 155 15 156 15 157 15 158 15 159
 15 160 15 161 15 162 15 163 15 164 15 165 15 166 15 167 15 168 15 169
 15 170 15 171 15 172 15 173 15 174 15 175 15 176 15 177 15 178 15 179
 15 180 15 181 15 182 15 183 15 184 15 185 15 186 15 187 15 188 15 189
 15 190 15 191 15 192 15 193 15 194 15 195 15 196 15 197 15 198 15 199
 15 200 15 201 15 202 15 203 15 204 15 205 15 206 15 207 15 208 15 209
 15 210 15 211 15 212 15 213 15 214 15 215 15 216 15 217 15 218 15 219
 15 220 15 221 15 222 15 223 15 224 15 225 15 226 15 227 15 228 15 229
 15 230 15 231 15 232 15 233 15 234 15 235 15 236 15 237 15 238 15 239
 15 240 15 241 15 242 15 243 15 244 15 245 15 246 15 247 15 248 15 249
 15 250 15 251 15 252 15 253 15 254 15 255 15 256 15 257 15 258 15 259
 15 260 15 261 15 262 15 263 15 264 15 265 15 266 15 267 15 268 15 269
 15 270 15 271 15 272 15 273 15 274 15 275 15 276 15 277 15 278 15 279
 15 280 15 281 15 282 15 283 15 284 15 285 15 286 15 287 15 288 15 289
 15 290 15 291 15 292 15 293 15 294 15 295 15 296 15 297 15 298 15 299
 15 300 15 301 15 302 15 303 15 304 15 305 15 306 15 307 15 308 15 309
 15 310 15 311 15 312 15 313 15 314 15 315 15 316 15 317 15 318 15 319
 15 320 15 321 15 322 15 323 15 324 15 325 15 326 15 327 15 328 15 329
 15 330 15 331 15 332 15 333 15 334 15 335 15 336 15 337 15 338 15 339
 15 340 15 341 15 342 15 343 15 344 15 345 15 346 15 347 15 348 15 349
 15 350 15 351 15 352 15 353 15 354 15 355 15 356 15 357 15 358 15 359
 15 360
 entity-c boundaries geography lat_lon_05 "lat"
 curve r "lat" 361
 5 0 5 1 5 2 5 3 5 4 5 5 5 6 5 7 5 8 5 9
 5 10 5 11 5 12 5 13 5 14 5 15 5 16 5 17 5 18 5 19
 5 20 5 21 5 22 5 23 5 24 5 25 5 26 5 27 5 28 5 29
 5 30 5 31 5 32 5 33 5 34 5 35 5 36 5 37 5 38 5 39
 5 40 5 41 5 42 5 43 5 44 5 45 5 46 5 47 5 48 5 49
 5 50 5 51 5 52 5 53 5 54 5 55 5 56 5 57 5 58 5 59
 5 60 5 61 5 62 5 63 5 64 5 65 5 66 5 67 5 68 5 69
 5 70 5 71 5 72 5 73 5 74 5 75 5 76 5 77 5 78 5 79
 5 80 5 81 5 82 5 83 5 84 5 85 5 86 5 87 5 88 5 89
 5 90 5 91 5 92 5 93 5 94 5 95 5 96 5 97 5 98 5 99
 5 100 5 101 5 102 5 103 5 104 5 105 5 106 5 107 5 108 5 109
 5 110 5 111 5 112 5 113 5 114 5 115 5 116 5 117 5 118 5 119
 5 120 5 121 5 122 5 123 5 124 5 125 5 126 5 127 5 128 5 129
 5 130 5 131 5 132 5 133 5 134 5 135 5 136 5 137 5 138 5 139
 5 140 5 141 5 142 5 143 5 144 5 145 5 146 5 147 5 148 5 149
 5 150 5 151 5 152 5 153 5 154 5 155 5 156 5 157 5 158 5 159
 5 160 5 161 5 162 5 163 5 164 5 165 5 166 5 167 5 168 5 169
 5 170 5 171 5 172 5 173 5 174 5 175 5 176 5 177 5 178 5 179
 5 180 5 181 5 182 5 183 5 184 5 185 5 186 5 187 5 188 5 189
 5 190 5 191 5 192 5 193 5 194 5 195 5 196 5 197 5 198 5 199
 5 200 5 201 5 202 5 203 5 204 5 205 5 206 5 207 5 208 5 209
 5 210 5 211 5 212 5 213 5 214 5 215 5 216 5 217 5 218 5 219
 5 220 5 221 5 222 5 223 5 224 5 225 5 226 5 227 5 228 5 229
 5 230 5 231 5 232 5 233 5 234 5 235 5 236 5 237 5 238 5 239
 5 240 5 241 5 242 5 243 5 244 5 245 5 246 5 247 5 248 5 249
 5 250 5 251 5 252 5 253 5 254 5 255 5 256 5 257 5 258 5 259
 5 260 5 261 5 262 5 263 5 264 5 265 5 266 5 267 5 268 5 269
 5 270 5 271 5 272 5 273 5 274 5 275 5 276 5 277 5 278 5 279
 5 280 5 281 5 282 5 283 5 284 5 285 5 286 5 287 5 288 5 289
 5 290 5 291 5 292 5 293 5 294 5 295 5 296 5 297 5 298 5 299
 5 300 5 301 5 302 5 303 5 304 5 305 5 306 5 307 5 308 5 309
 5 310 5 311 5 312 5 313 5 314 5 315 5 316 5 317 5 318 5 319
 5 320 5 321 5 322 5 323 5 324 5 325 5 326 5 327 5 328 5 329
 5 330 5 331 5 332 5 333 5 334 5 335 5 336 5 337 5 338 5 339
 5 340 5 341 5 342 5 343 5 344 5 345 5 346 5 347 5 348 5 349
 5 350 5 351 5 352 5 353 5 354 5 355 5 356 5 357 5 358 5 359
 5 360
 entity-c boundaries geography lat_lon_05 "lat"
 curve r "lat" 361
 -5 0 -5 1 -5 2 -5 3 -5 4 -5 5 -5 6 -5 7 -5 8 -5 9
 -5 10 -5 11 -5 12 -5 13 -5 14 -5 15 -5 16 -5 17 -5 18 -5 19
 -5 20 -5 21 -5 22 -5 23 -5 24 -5 25 -5 26 -5 27 -5 28 -5 29
 -5 30 -5 31 -5 32 -5 33 -5 34 -5 35 -5 36 -5 37 -5 38 -5 39
 -5 40 -5 41 -5 42 -5 43 -5 44 -5 45 -5 46 -5 47 -5 48 -5 49
 -5 50 -5 51 -5 52 -5 53 -5 54 -5 55 -5 56 -5 57 -5 58 -5 59
 -5 60 -5 61 -5 62 -5 63 -5 64 -5 65 -5 66 -5 67 -5 68 -5 69
 -5 70 -5 71 -5 72 -5 73 -5 74 -5 75 -5 76 -5 77 -5 78 -5 79
 -5 80 -5 81 -5 82 -5 83 -5 84 -5 85 -5 86 -5 87 -5 88 -5 89
 -5 90 -5 91 -5 92 -5 93 -5 94 -5 95 -5 96 -5 97 -5 98 -5 99
 -5 100 -5 101 -5 102 -5 103 -5 104 -5 105 -5 106 -5 107 -5 108 -5 109
 -5 110 -5 111 -5 112 -5 113 -5 114 -5 115 -5 116 -5 117 -5 118 -5 119
 -5 120 -5 121 -5 122 -5 123 -5 124 -5 125 -5 126 -5 127 -5 128 -5 129
 -5 130 -5 131 -5 132 -5 133 -5 134 -5 135 -5 136 -5 137 -5 138 -5 139
 -5 140 -5 141 -5 142 -5 143 -5 144 -5 145 -5 146 -5 147 -5 148 -5 149
 -5 150 -5 151 -5 152 -5 153 -5 154 -5 155 -5 156 -5 157 -5 158 -5 159
 -5 160 -5 161 -5 162 -5 163 -5 164 -5 165 -5 166 -5 167 -5 168 -5 169
 -5 170 -5 171 -5 172 -5 173 -5 174 -5 175 -5 176 -5 177 -5 178 -5 179
 -5 180 -5 181 -5 182 -5 183 -5 184 -5 185 -5 186 -5 187 -5 188 -5 189
 -5 190 -5 191 -5 192 -5 193 -5 194 -5 195 -5 196 -5 197 -5 198 -5 199
 -5 200 -5 201 -5 202 -5 203 -5 204 -5 205 -5 206 -5 207 -5 208 -5 209
 -5 210 -5 211 -5 212 -5 213 -5 214 -5 215 -5 216 -5 217 -5 218 -5 219
 -5 220 -5 221 -5 222 -5 223 -5 224 -5 225 -5 226 -5 227 -5 228 -5 229
 -5 230 -5 231 -5 232 -5 233 -5 234 -5 235 -5 236 -5 237 -5 238 -5 239
 -5 240 -5 241 -5 242 -5 243 -5 244 -5 245 -5 246 -5 247 -5 248 -5 249
 -5 250 -5 251 -5 252 -5 253 -5 254 -5 255 -5 256 -5 257 -5 258 -5 259
 -5 260 -5 261 -5 262 -5 263 -5 264 -5 265 -5 266 -5 267 -5 268 -5 269
 -5 270 -5 271 -5 272 -5 273 -5 274 -5 275 -5 276 -5 277 -5 278 -5 279
 -5 280 -5 281 -5 282 -5 283 -5 284 -5 285 -5 286 -5 287 -5 288 -5 289
 -5 290 -5 291 -5 292 -5 293 -5 294 -5 295 -5 296 -5 297 -5 298 -5 299
 -5 300 -5 301 -5 302 -5 303 -5 304 -5 305 -5 306 -5 307 -5 308 -5 309
 -5 310 -5 311 -5 312 -5 313 -5 314 -5 315 -5 316 -5 317 -5 318 -5 319
 -5 320 -5 321 -5 322 -5 323 -5 324 -5 325 -5 326 -5 327 -5 328 -5 329
 -5 330 -5 331 -5 332 -5 333 -5 334 -5 335 -5 336 -5 337 -5 338 -5 339
 -5 340 -5 341 -5 342 -5 343 -5 344 -5 345 -5 346 -5 347 -5 348 -5 349
 -5 350 -5 351 -5 352 -5 353 -5 354 -5 355 -5 356 -5 357 -5 358 -5 359
 -5 360
 entity-c boundaries geography lat_lon_05 "lat"
 curve r "lat" 361
 -15 0 -15 1 -15 2 -15 3 -15 4 -15 5 -15 6 -15 7 -15 8 -15 9
 -15 10 -15 11 -15 12 -15 13 -15 14 -15 15 -15 16 -15 17 -15 18 -15 19
 -15 20 -15 21 -15 22 -15 23 -15 24 -15 25 -15 26 -15 27 -15 28 -15 29
 -15 30 -15 31 -15 32 -15 33 -15 34 -15 35 -15 36 -15 37 -15 38 -15 39
 -15 40 -15 41 -15 42 -15 43 -15 44 -15 45 -15 46 -15 47 -15 48 -15 49
 -15 50 -15 51 -15 52 -15 53 -15 54 -15 55 -15 56 -15 57 -15 58 -15 59
 -15 60 -15 61 -15 62 -15 63 -15 64 -15 65 -15 66 -15 67 -15 68 -15 69
 -15 70 -15 71 -15 72 -15 73 -15 74 -15 75 -15 76 -15 77 -15 78 -15 79
 -15 80 -15 81 -15 82 -15 83 -15 84 -15 85 -15 86 -15 87 -15 88 -15 89
 -15 90 -15 91 -15 92 -15 93 -15 94 -15 95 -15 96 -15 97 -15 98 -15 99
 -15 100 -15 101 -15 102 -15 103 -15 104 -15 105 -15 106 -15 107 -15 108 -15 109
 -15 110 -15 111 -15 112 -15 113 -15 114 -15 115 -15 116 -15 117 -15 118 -15 119
 -15 120 -15 121 -15 122 -15 123 -15 124 -15 125 -15 126 -15 127 -15 128 -15 129
 -15 130 -15 131 -15 132 -15 133 -15 134 -15 135 -15 136 -15 137 -15 138 -15 139
 -15 140 -15 141 -15 142 -15 143 -15 144 -15 145 -15 146 -15 147 -15 148 -15 149
 -15 150 -15 151 -15 152 -15 153 -15 154 -15 155 -15 156 -15 157 -15 158 -15 159
 -15 160 -15 161 -15 162 -15 163 -15 164 -15 165 -15 166 -15 167 -15 168 -15 169
 -15 170 -15 171 -15 172 -15 173 -15 174 -15 175 -15 176 -15 177 -15 178 -15 179
 -15 180 -15 181 -15 182 -15 183 -15 184 -15 185 -15 186 -15 187 -15 188 -15 189
 -15 190 -15 191 -15 192 -15 193 -15 194 -15 195 -15 196 -15 197 -15 198 -15 199
 -15 200 -15 201 -15 202 -15 203 -15 204 -15 205 -15 206 -15 207 -15 208 -15 209
 -15 210 -15 211 -15 212 -15 213 -15 214 -15 215 -15 216 -15 217 -15 218 -15 219
 -15 220 -15 221 -15 222 -15 223 -15 224 -15 225 -15 226 -15 227 -15 228 -15 229
 -15 230 -15 231 -15 232 -15 233 -15 234 -15 235 -15 236 -15 237 -15 238 -15 239
 -15 240 -15 241 -15 242 -15 243 -15 244 -15 245 -15 246 -15 247 -15 248 -15 249
 -15 250 -15 251 -15 252 -15 253 -15 254 -15 255 -15 256 -15 257 -15 258 -15 259
 -15 260 -15 261 -15 262 -15 263 -15 264 -15 265 -15 266 -15 267 -15 268 -15 269
 -15 270 -15 271 -15 272 -15 273 -15 274 -15 275 -15 276 -15 277 -15 278 -15 279
 -15 280 -15 281 -15 282 -15 283 -15 284 -15 285 -15 286 -15 287 -15 288 -15 289
 -15 290 -15 291 -15 292 -15 293 -15 294 -15 295 -15 296 -15 297 -15 298 -15 299
 -15 300 -15 301 -15 302 -15 303 -15 304 -15 305 -15 306 -15 307 -15 308 -15 309
 -15 310 -15 311 -15 312 -15 313 -15 314 -15 315 -15 316 -15 317 -15 318 -15 319
 -15 320 -15 321 -15 322 -15 323 -15 324 -15 325 -15 326 -15 327 -15 328 -15 329
 -15 330 -15 331 -15 332 -15 333 -15 334 -15 335 -15 336 -15 337 -15 338 -15 339
 -15 340 -15 341 -15 342 -15 343 -15 344 -15 345 -15 346 -15 347 -15 348 -15 349
 -15 350 -15 351 -15 352 -15 353 -15 354 -15 355 -15 356 -15 357 -15 358 -15 359
 -15 360
 entity-c boundaries geography lat_lon_05 "lat"
 curve r "lat" 361
 -25 0 -25 1 -25 2 -25 3 -25 4 -25 5 -25 6 -25 7 -25 8 -25 9
 -25 10 -25 11 -25 12 -25 13 -25 14 -25 15 -25 16 -25 17 -25 18 -25 19
 -25 20 -25 21 -25 22 -25 23 -25 24 -25 25 -25 26 -25 27 -25 28 -25 29
 -25 30 -25 31 -25 32 -25 33 -25 34 -25 35 -25 36 -25 37 -25 38 -25 39
 -25 40 -25 41 -25 42 -25 43 -25 44 -25 45 -25 46 -25 47 -25 48 -25 49
 -25 50 -25 51 -25 52 -25 53 -25 54 -25 55 -25 56 -25 57 -25 58 -25 59
 -25 60 -25 61 -25 62 -25 63 -25 64 -25 65 -25 66 -25 67 -25 68 -25 69
 -25 70 -25 71 -25 72 -25 73 -25 74 -25 75 -25 76 -25 77 -25 78 -25 79
 -25 80 -25 81 -25 82 -25 83 -25 84 -25 85 -25 86 -25 87 -25 88 -25 89
 -25 90 -25 91 -25 92 -25 93 -25 94 -25 95 -25 96 -25 97 -25 98 -25 99
 -25 100 -25 101 -25 102 -25 103 -25 104 -25 105 -25 106 -25 107 -25 108 -25 109
 -25 110 -25 111 -25 112 -25 113 -25 114 -25 115 -25 116 -25 117 -25 118 -25 119
 -25 120 -25 121 -25 122 -25 123 -25 124 -25 125 -25 126 -25 127 -25 128 -25 129
 -25 130 -25 131 -25 132 -25 133 -25 134 -25 135 -25 136 -25 137 -25 138 -25 139
 -25 140 -25 141 -25 142 -25 143 -25 144 -25 145 -25 146 -25 147 -25 148 -25 149
 -25 150 -25 151 -25 152 -25 153 -25 154 -25 155 -25 156 -25 157 -25 158 -25 159
 -25 160 -25 161 -25 162 -25 163 -25 164 -25 165 -25 166 -25 167 -25 168 -25 169
 -25 170 -25 171 -25 172 -25 173 -25 174 -25 175 -25 176 -25 177 -25 178 -25 179
 -25 180 -25 181 -25 182 -25 183 -25 184 -25 185 -25 186 -25 187 -25 188 -25 189
 -25 190 -25 191 -25 192 -25 193 -25 194 -25 195 -25 196 -25 197 -25 198 -25 199
 -25 200 -25 201 -25 202 -25 203 -25 204 -25 205 -25 206 -25 207 -25 208 -25 209
 -25 210 -25 211 -25 212 -25 213 -25 214 -25 215 -25 216 -25 217 -25 218 -25 219
 -25 220 -25 221 -25 222 -25 223 -25 224 -25 225 -25 226 -25 227 -25 228 -25 229
 -25 230 -25 231 -25 232 -25 233 -25 234 -25 235 -25 236 -25 237 -25 238 -25 239
 -25 240 -25 241 -25 242 -25 243 -25 244 -25 245 -25 246 -25 247 -25 248 -25 249
 -25 250 -25 251 -25 252 -25 253 -25 254 -25 255 -25 256 -25 257 -25 258 -25 259
 -25 260 -25 261 -25 262 -25 263 -25 264 -25 265 -25 266 -25 267 -25 268 -25 269
 -25 270 -25 271 -25 272 -25 273 -25 274 -25 275 -25 276 -25 277 -25 278 -25 279
 -25 280 -25 281 -25 282 -25 283 -25 284 -25 285 -25 286 -25 287 -25 288 -25 289
 -25 290 -25 291 -25 292 -25 293 -25 294 -25 295 -25 296 -25 297 -25 298 -25 299
 -25 300 -25 301 -25 302 -25 303 -25 304 -25 305 -25 306 -25 307 -25 308 -25 309
 -25 310 -25 311 -25 312 -25 313 -25 314 -25 315 -25 316 -25 317 -25 318 -25 319
 -25 320 -25 321 -25 322 -25 323 -25 324 -25 325 -25 326 -25 327 -25 328 -25 329
 -25 330 -25 331 -25 332 -25 333 -25 334 -25 335 -25 336 -25 337 -25 338 -25 339
 -25 340 -25 341 -25 342 -25 343 -25 344 -25 345 -25 346 -25 347 -25 348 -25 349
 -25 350 -25 351 -25 352 -25 353 -25 354 -25 355 -25 356 -25 357 -25 358 -25 359
 -25 360
 entity-c boundaries geography lat_lon_05 "lat"
 curve r "lat" 361
 -35 0 -35 1 -35 2 -35 3 -35 4 -35 5 -35 6 -35 7 -35 8 -35 9
 -35 10 -35 11 -35 12 -35 13 -35 14 -35 15 -35 16 -35 17 -35 18 -35 19
 -35 20 -35 21 -35 22 -35 23 -35 24 -35 25 -35 26 -35 27 -35 28 -35 29
 -35 30 -35 31 -35 32 -35 33 -35 34 -35 35 -35 36 -35 37 -35 38 -35 39
 -35 40 -35 41 -35 42 -35 43 -35 44 -35 45 -35 46 -35 47 -35 48 -35 49
 -35 50 -35 51 -35 52 -35 53 -35 54 -35 55 -35 56 -35 57 -35 58 -35 59
 -35 60 -35 61 -35 62 -35 63 -35 64 -35 65 -35 66 -35 67 -35 68 -35 69
 -35 70 -35 71 -35 72 -35 73 -35 74 -35 75 -35 76 -35 77 -35 78 -35 79
 -35 80 -35 81 -35 82 -35 83 -35 84 -35 85 -35 86 -35 87 -35 88 -35 89
 -35 90 -35 91 -35 92 -35 93 -35 94 -35 95 -35 96 -35 97 -35 98 -35 99
 -35 100 -35 101 -35 102 -35 103 -35 104 -35 105 -35 106 -35 107 -35 108 -35 109
 -35 110 -35 111 -35 112 -35 113 -35 114 -35 115 -35 116 -35 117 -35 118 -35 119
 -35 120 -35 121 -35 122 -35 123 -35 124 -35 125 -35 126 -35 127 -35 128 -35 129
 -35 130 -35 131 -35 132 -35 133 -35 134 -35 135 -35 136 -35 137 -35 138 -35 139
 -35 140 -35 141 -35 142 -35 143 -35 144 -35 145 -35 146 -35 147 -35 148 -35 149
 -35 150 -35 151 -35 152 -35 153 -35 154 -35 155 -35 156 -35 157 -35 158 -35 159
 -35 160 -35 161 -35 162 -35 163 -35 164 -35 165 -35 166 -35 167 -35 168 -35 169
 -35 170 -35 171 -35 172 -35 173 -35 174 -35 175 -35 176 -35 177 -35 178 -35 179
 -35 180 -35 181 -35 182 -35 183 -35 184 -35 185 -35 186 -35 187 -35 188 -35 189
 -35 190 -35 191 -35 192 -35 193 -35 194 -35 195 -35 196 -35 197 -35 198 -35 199
 -35 200 -35 201 -35 202 -35 203 -35 204 -35 205 -35 206 -35 207 -35 208 -35 209
 -35 210 -35 211 -35 212 -35 213 -35 214 -35 215 -35 216 -35 217 -35 218 -35 219
 -35 220 -35 221 -35 222 -35 223 -35 224 -35 225 -35 226 -35 227 -35 228 -35 229
 -35 230 -35 231 -35 232 -35 233 -35 234 -35 235 -35 236 -35 237 -35 238 -35 239
 -35 240 -35 241 -35 242 -35 243 -35 244 -35 245 -35 246 -35 247 -35 248 -35 249
 -35 250 -35 251 -35 252 -35 253 -35 254 -35 255 -35 256 -35 257 -35 258 -35 259
 -35 260 -35 261 -35 262 -35 263 -35 264 -35 265 -35 266 -35 267 -35 268 -35 269
 -35 270 -35 271 -35 272 -35 273 -35 274 -35 275 -35 276 -35 277 -35 278 -35 279
 -35 280 -35 281 -35 282 -35 283 -35 284 -35 285 -35 286 -35 287 -35 288 -35 289
 -35 290 -35 291 -35 292 -35 293 -35 294 -35 295 -35 296 -35 297 -35 298 -35 299
 -35 300 -35 301 -35 302 -35 303 -35 304 -35 305 -35 306 -35 307 -35 308 -35 309
 -35 310 -35 311 -35 312 -35 313 -35 314 -35 315 -35 316 -35 317 -35 318 -35 319
 -35 320 -35 321 -35 322 -35 323 -35 324 -35 325 -35 326 -35 327 -35 328 -35 329
 -35 330 -35 331 -35 332 -35 333 -35 334 -35 335 -35 336 -35 337 -35 338 -35 339
 -35 340 -35 341 -35 342 -35 343 -35 344 -35 345 -35 346 -35 347 -35 348 -35 349
 -35 350 -35 351 -35 352 -35 353 -35 354 -35 355 -35 356 -35 357 -35 358 -35 359
 -35 360
 entity-c boundaries geography lat_lon_05 "lat"
 curve r "lat" 361
 -45 0 -45 1 -45 2 -45 3 -45 4 -45 5 -45 6 -45 7 -45 8 -45 9
 -45 10 -45 11 -45 12 -45 13 -45 14 -45 15 -45 16 -45 17 -45 18 -45 19
 -45 20 -45 21 -45 22 -45 23 -45 24 -45 25 -45 26 -45 27 -45 28 -45 29
 -45 30 -45 31 -45 32 -45 33 -45 34 -45 35 -45 36 -45 37 -45 38 -45 39
 -45 40 -45 41 -45 42 -45 43 -45 44 -45 45 -45 46 -45 47 -45 48 -45 49
 -45 50 -45 51 -45 52 -45 53 -45 54 -45 55 -45 56 -45 57 -45 58 -45 59
 -45 60 -45 61 -45 62 -45 63 -45 64 -45 65 -45 66 -45 67 -45 68 -45 69
 -45 70 -45 71 -45 72 -45 73 -45 74 -45 75 -45 76 -45 77 -45 78 -45 79
 -45 80 -45 81 -45 82 -45 83 -45 84 -45 85 -45 86 -45 87 -45 88 -45 89
 -45 90 -45 91 -45 92 -45 93 -45 94 -45 95 -45 96 -45 97 -45 98 -45 99
 -45 100 -45 101 -45 102 -45 103 -45 104 -45 105 -45 106 -45 107 -45 108 -45 109
 -45 110 -45 111 -45 112 -45 113 -45 114 -45 115 -45 116 -45 117 -45 118 -45 119
 -45 120 -45 121 -45 122 -45 123 -45 124 -45 125 -45 126 -45 127 -45 128 -45 129
 -45 130 -45 131 -45 132 -45 133 -45 134 -45 135 -45 136 -45 137 -45 138 -45 139
 -45 140 -45 141 -45 142 -45 143 -45 144 -45 145 -45 146 -45 147 -45 148 -45 149
 -45 150 -45 151 -45 152 -45 153 -45 154 -45 155 -45 156 -45 157 -45 158 -45 159
 -45 160 -45 161 -45 162 -45 163 -45 164 -45 165 -45 166 -45 167 -45 168 -45 169
 -45 170 -45 171 -45 172 -45 173 -45 174 -45 175 -45 176 -45 177 -45 178 -45 179
 -45 180 -45 181 -45 182 -45 183 -45 184 -45 185 -45 186 -45 187 -45 188 -45 189
 -45 190 -45 191 -45 192 -45 193 -45 194 -45 195 -45 196 -45 197 -45 198 -45 199
 -45 200 -45 201 -45 202 -45 203 -45 204 -45 205 -45 206 -45 207 -45 208 -45 209
 -45 210 -45 211 -45 212 -45 213 -45 214 -45 215 -45 216 -45 217 -45 218 -45 219
 -45 220 -45 221 -45 222 -45 223 -45 224 -45 225 -45 226 -45 227 -45 228 -45 229
 -45 230 -45 231 -45 232 -45 233 -45 234 -45 235 -45 236 -45 237 -45 238 -45 239
 -45 240 -45 241 -45 242 -45 243 -45 244 -45 245 -45 246 -45 247 -45 248 -45 249
 -45 250 -45 251 -45 252 -45 253 -45 254 -45 255 -45 256 -45 257 -45 258 -45 259
 -45 260 -45 261 -45 262 -45 263 -45 264 -45 265 -45 266 -45 267 -45 268 -45 269
 -45 270 -45 271 -45 272 -45 273 -45 274 -45 275 -45 276 -45 277 -45 278 -45 279
 -45 280 -45 281 -45 282 -45 283 -45 284 -45 285 -45 286 -45 287 -45 288 -45 289
 -45 290 -45 291 -45 292 -45 293 -45 294 -45 295 -45 296 -45 297 -45 298 -45 299
 -45 300 -45 301 -45 302 -45 303 -45 304 -45 305 -45 306 -45 307 -45 308 -45 309
 -45 310 -45 311 -45 312 -45 313 -45 314 -45 315 -45 316 -45 317 -45 318 -45 319
 -45 320 -45 321 -45 322 -45 323 -45 324 -45 325 -45 326 -45 327 -45 328 -45 329
 -45 330 -45 331 -45 332 -45 333 -45 334 -45 335 -45 336 -45 337 -45 338 -45 339
 -45 340 -45 341 -45 342 -45 343 -45 344 -45 345 -45 346 -45 347 -45 348 -45 349
 -45 350 -45 351 -45 352 -45 353 -45 354 -45 355 -45 356 -45 357 -45 358 -45 359
 -45 360
 entity-c boundaries geography lat_lon_05 "lat"
 curve r "lat" 361
 -55 0 -55 1 -55 2 -55 3 -55 4 -55 5 -55 6 -55 7 -55 8 -55 9
 -55 10 -55 11 -55 12 -55 13 -55 14 -55 15 -55 16 -55 17 -55 18 -55 19
 -55 20 -55 21 -55 22 -55 23 -55 24 -55 25 -55 26 -55 27 -55 28 -55 29
 -55 30 -55 31 -55 32 -55 33 -55 34 -55 35 -55 36 -55 37 -55 38 -55 39
 -55 40 -55 41 -55 42 -55 43 -55 44 -55 45 -55 46 -55 47 -55 48 -55 49
 -55 50 -55 51 -55 52 -55 53 -55 54 -55 55 -55 56 -55 57 -55 58 -55 59
 -55 60 -55 61 -55 62 -55 63 -55 64 -55 65 -55 66 -55 67 -55 68 -55 69
 -55 70 -55 71 -55 72 -55 73 -55 74 -55 75 -55 76 -55 77 -55 78 -55 79
 -55 80 -55 81 -55 82 -55 83 -55 84 -55 85 -55 86 -55 87 -55 88 -55 89
 -55 90 -55 91 -55 92 -55 93 -55 94 -55 95 -55 96 -55 97 -55 98 -55 99
 -55 100 -55 101 -55 102 -55 103 -55 104 -55 105 -55 106 -55 107 -55 108 -55 109
 -55 110 -55 111 -55 112 -55 113 -55 114 -55 115 -55 116 -55 117 -55 118 -55 119
 -55 120 -55 121 -55 122 -55 123 -55 124 -55 125 -55 126 -55 127 -55 128 -55 129
 -55 130 -55 131 -55 132 -55 133 -55 134 -55 135 -55 136 -55 137 -55 138 -55 139
 -55 140 -55 141 -55 142 -55 143 -55 144 -55 145 -55 146 -55 147 -55 148 -55 149
 -55 150 -55 151 -55 152 -55 153 -55 154 -55 155 -55 156 -55 157 -55 158 -55 159
 -55 160 -55 161 -55 162 -55 163 -55 164 -55 165 -55 166 -55 167 -55 168 -55 169
 -55 170 -55 171 -55 172 -55 173 -55 174 -55 175 -55 176 -55 177 -55 178 -55 179
 -55 180 -55 181 -55 182 -55 183 -55 184 -55 185 -55 186 -55 187 -55 188 -55 189
 -55 190 -55 191 -55 192 -55 193 -55 194 -55 195 -55 196 -55 197 -55 198 -55 199
 -55 200 -55 201 -55 202 -55 203 -55 204 -55 205 -55 206 -55 207 -55 208 -55 209
 -55 210 -55 211 -55 212 -55 213 -55 214 -55 215 -55 216 -55 217 -55 218 -55 219
 -55 220 -55 221 -55 222 -55 223 -55 224 -55 225 -55 226 -55 227 -55 228 -55 229
 -55 230 -55 231 -55 232 -55 233 -55 234 -55 235 -55 236 -55 237 -55 238 -55 239
 -55 240 -55 241 -55 242 -55 243 -55 244 -55 245 -55 246 -55 247 -55 248 -55 249
 -55 250 -55 251 -55 252 -55 253 -55 254 -55 255 -55 256 -55 257 -55 258 -55 259
 -55 260 -55 261 -55 262 -55 263 -55 264 -55 265 -55 266 -55 267 -55 268 -55 269
 -55 270 -55 271 -55 272 -55 273 -55 274 -55 275 -55 276 -55 277 -55 278 -55 279
 -55 280 -55 281 -55 282 -55 283 -55 284 -55 285 -55 286 -55 287 -55 288 -55 289
 -55 290 -55 291 -55 292 -55 293 -55 294 -55 295 -55 296 -55 297 -55 298 -55 299
 -55 300 -55 301 -55 302 -55 303 -55 304 -55 305 -55 306 -55 307 -55 308 -55 309
 -55 310 -55 311 -55 312 -55 313 -55 314 -55 315 -55 316 -55 317 -55 318 -55 319
 -55 320 -55 321 -55 322 -55 323 -55 324 -55 325 -55 326 -55 327 -55 328 -55 329
 -55 330 -55 331 -55 332 -55 333 -55 334 -55 335 -55 336 -55 337 -55 338 -55 339
 -55 340 -55 341 -55 342 -55 343 -55 344 -55 345 -55 346 -55 347 -55 348 -55 349
 -55 350 -55 351 -55 352 -55 353 -55 354 -55 355 -55 356 -55 357 -55 358 -55 359
 -55 360
 entity-c boundaries geography lat_lon_05 "lat"
 curve r "lat" 361
 -65 0 -65 1 -65 2 -65 3 -65 4 -65 5 -65 6 -65 7 -65 8 -65 9
 -65 10 -65 11 -65 12 -65 13 -65 14 -65 15 -65 16 -65 17 -65 18 -65 19
 -65 20 -65 21 -65 22 -65 23 -65 24 -65 25 -65 26 -65 27 -65 28 -65 29
 -65 30 -65 31 -65 32 -65 33 -65 34 -65 35 -65 36 -65 37 -65 38 -65 39
 -65 40 -65 41 -65 42 -65 43 -65 44 -65 45 -65 46 -65 47 -65 48 -65 49
 -65 50 -65 51 -65 52 -65 53 -65 54 -65 55 -65 56 -65 57 -65 58 -65 59
 -65 60 -65 61 -65 62 -65 63 -65 64 -65 65 -65 66 -65 67 -65 68 -65 69
 -65 70 -65 71 -65 72 -65 73 -65 74 -65 75 -65 76 -65 77 -65 78 -65 79
 -65 80 -65 81 -65 82 -65 83 -65 84 -65 85 -65 86 -65 87 -65 88 -65 89
 -65 90 -65 91 -65 92 -65 93 -65 94 -65 95 -65 96 -65 97 -65 98 -65 99
 -65 100 -65 101 -65 102 -65 103 -65 104 -65 105 -65 106 -65 107 -65 108 -65 109
 -65 110 -65 111 -65 112 -65 113 -65 114 -65 115 -65 116 -65 117 -65 118 -65 119
 -65 120 -65 121 -65 122 -65 123 -65 124 -65 125 -65 126 -65 127 -65 128 -65 129
 -65 130 -65 131 -65 132 -65 133 -65 134 -65 135 -65 136 -65 137 -65 138 -65 139
 -65 140 -65 141 -65 142 -65 143 -65 144 -65 145 -65 146 -65 147 -65 148 -65 149
 -65 150 -65 151 -65 152 -65 153 -65 154 -65 155 -65 156 -65 157 -65 158 -65 159
 -65 160 -65 161 -65 162 -65 163 -65 164 -65 165 -65 166 -65 167 -65 168 -65 169
 -65 170 -65 171 -65 172 -65 173 -65 174 -65 175 -65 176 -65 177 -65 178 -65 179
 -65 180 -65 181 -65 182 -65 183 -65 184 -65 185 -65 186 -65 187 -65 188 -65 189
 -65 190 -65 191 -65 192 -65 193 -65 194 -65 195 -65 196 -65 197 -65 198 -65 199
 -65 200 -65 201 -65 202 -65 203 -65 204 -65 205 -65 206 -65 207 -65 208 -65 209
 -65 210 -65 211 -65 212 -65 213 -65 214 -65 215 -65 216 -65 217 -65 218 -65 219
 -65 220 -65 221 -65 222 -65 223 -65 224 -65 225 -65 226 -65 227 -65 228 -65 229
 -65 230 -65 231 -65 232 -65 233 -65 234 -65 235 -65 236 -65 237 -65 238 -65 239
 -65 240 -65 241 -65 242 -65 243 -65 244 -65 245 -65 246 -65 247 -65 248 -65 249
 -65 250 -65 251 -65 252 -65 253 -65 254 -65 255 -65 256 -65 257 -65 258 -65 259
 -65 260 -65 261 -65 262 -65 263 -65 264 -65 265 -65 266 -65 267 -65 268 -65 269
 -65 270 -65 271 -65 272 -65 273 -65 274 -65 275 -65 276 -65 277 -65 278 -65 279
 -65 280 -65 281 -65 282 -65 283 -65 284 -65 285 -65 286 -65 287 -65 288 -65 289
 -65 290 -65 291 -65 292 -65 293 -65 294 -65 295 -65 296 -65 297 -65 298 -65 299
 -65 300 -65 301 -65 302 -65 303 -65 304 -65 305 -65 306 -65 307 -65 308 -65 309
 -65 310 -65 311 -65 312 -65 313 -65 314 -65 315 -65 316 -65 317 -65 318 -65 319
 -65 320 -65 321 -65 322 -65 323 -65 324 -65 325 -65 326 -65 327 -65 328 -65 329
 -65 330 -65 331 -65 332 -65 333 -65 334 -65 335 -65 336 -65 337 -65 338 -65 339
 -65 340 -65 341 -65 342 -65 343 -65 344 -65 345 -65 346 -65 347 -65 348 -65 349
 -65 350 -65 351 -65 352 -65 353 -65 354 -65 355 -65 356 -65 357 -65 358 -65 359
 -65 360
 entity-c boundaries geography lat_lon_05 "lat"
 curve r "lat" 361
 -75 0 -75 1 -75 2 -75 3 -75 4 -75 5 -75 6 -75 7 -75 8 -75 9
 -75 10 -75 11 -75 12 -75 13 -75 14 -75 15 -75 16 -75 17 -75 18 -75 19
 -75 20 -75 21 -75 22 -75 23 -75 24 -75 25 -75 26 -75 27 -75 28 -75 29
 -75 30 -75 31 -75 32 -75 33 -75 34 -75 35 -75 36 -75 37 -75 38 -75 39
 -75 40 -75 41 -75 42 -75 43 -75 44 -75 45 -75 46 -75 47 -75 48 -75 49
 -75 50 -75 51 -75 52 -75 53 -75 54 -75 55 -75 56 -75 57 -75 58 -75 59
 -75 60 -75 61 -75 62 -75 63 -75 64 -75 65 -75 66 -75 67 -75 68 -75 69
 -75 70 -75 71 -75 72 -75 73 -75 74 -75 75 -75 76 -75 77 -75 78 -75 79
 -75 80 -75 81 -75 82 -75 83 -75 84 -75 85 -75 86 -75 87 -75 88 -75 89
 -75 90 -75 91 -75 92 -75 93 -75 94 -75 95 -75 96 -75 97 -75 98 -75 99
 -75 100 -75 101 -75 102 -75 103 -75 104 -75 105 -75 106 -75 107 -75 108 -75 109
 -75 110 -75 111 -75 112 -75 113 -75 114 -75 115 -75 116 -75 117 -75 118 -75 119
 -75 120 -75 121 -75 122 -75 123 -75 124 -75 125 -75 126 -75 127 -75 128 -75 129
 -75 130 -75 131 -75 132 -75 133 -75 134 -75 135 -75 136 -75 137 -75 138 -75 139
 -75 140 -75 141 -75 142 -75 143 -75 144 -75 145 -75 146 -75 147 -75 148 -75 149
 -75 150 -75 151 -75 152 -75 153 -75 154 -75 155 -75 156 -75 157 -75 158 -75 159
 -75 160 -75 161 -75 162 -75 163 -75 164 -75 165 -75 166 -75 167 -75 168 -75 169
 -75 170 -75 171 -75 172 -75 173 -75 174 -75 175 -75 176 -75 177 -75 178 -75 179
 -75 180 -75 181 -75 182 -75 183 -75 184 -75 185 -75 186 -75 187 -75 188 -75 189
 -75 190 -75 191 -75 192 -75 193 -75 194 -75 195 -75 196 -75 197 -75 198 -75 199
 -75 200 -75 201 -75 202 -75 203 -75 204 -75 205 -75 206 -75 207 -75 208 -75 209
 -75 210 -75 211 -75 212 -75 213 -75 214 -75 215 -75 216 -75 217 -75 218 -75 219
 -75 220 -75 221 -75 222 -75 223 -75 224 -75 225 -75 226 -75 227 -75 228 -75 229
 -75 230 -75 231 -75 232 -75 233 -75 234 -75 235 -75 236 -75 237 -75 238 -75 239
 -75 240 -75 241 -75 242 -75 243 -75 244 -75 245 -75 246 -75 247 -75 248 -75 249
 -75 250 -75 251 -75 252 -75 253 -75 254 -75 255 -75 256 -75 257 -75 258 -75 259
 -75 260 -75 261 -75 262 -75 263 -75 264 -75 265 -75 266 -75 267 -75 268 -75 269
 -75 270 -75 271 -75 272 -75 273 -75 274 -75 275 -75 276 -75 277 -75 278 -75 279
 -75 280 -75 281 -75 282 -75 283 -75 284 -75 285 -75 286 -75 287 -75 288 -75 289
 -75 290 -75 291 -75 292 -75 293 -75 294 -75 295 -75 296 -75 297 -75 298 -75 299
 -75 300 -75 301 -75 302 -75 303 -75 304 -75 305 -75 306 -75 307 -75 308 -75 309
 -75 310 -75 311 -75 312 -75 313 -75 314 -75 315 -75 316 -75 317 -75 318 -75 319
 -75 320 -75 321 -75 322 -75 323 -75 324 -75 325 -75 326 -75 327 -75 328 -75 329
 -75 330 -75 331 -75 332 -75 333 -75 334 -75 335 -75 336 -75 337 -75 338 -75 339
 -75 340 -75 341 -75 342 -75 343 -75 344 -75 345 -75 346 -75 347 -75 348 -75 349
 -75 350 -75 351 -75 352 -75 353 -75 354 -75 355 -75 356 -75 357 -75 358 -75 359
 -75 360
 entity-c boundaries geography lat_lon_05 "lat"
 curve r "lat" 361
 -85 0 -85 1 -85 2 -85 3 -85 4 -85 5 -85 6 -85 7 -85 8 -85 9
 -85 10 -85 11 -85 12 -85 13 -85 14 -85 15 -85 16 -85 17 -85 18 -85 19
 -85 20 -85 21 -85 22 -85 23 -85 24 -85 25 -85 26 -85 27 -85 28 -85 29
 -85 30 -85 31 -85 32 -85 33 -85 34 -85 35 -85 36 -85 37 -85 38 -85 39
 -85 40 -85 41 -85 42 -85 43 -85 44 -85 45 -85 46 -85 47 -85 48 -85 49
 -85 50 -85 51 -85 52 -85 53 -85 54 -85 55 -85 56 -85 57 -85 58 -85 59
 -85 60 -85 61 -85 62 -85 63 -85 64 -85 65 -85 66 -85 67 -85 68 -85 69
 -85 70 -85 71 -85 72 -85 73 -85 74 -85 75 -85 76 -85 77 -85 78 -85 79
 -85 80 -85 81 -85 82 -85 83 -85 84 -85 85 -85 86 -85 87 -85 88 -85 89
 -85 90 -85 91 -85 92 -85 93 -85 94 -85 95 -85 96 -85 97 -85 98 -85 99
 -85 100 -85 101 -85 102 -85 103 -85 104 -85 105 -85 106 -85 107 -85 108 -85 109
 -85 110 -85 111 -85 112 -85 113 -85 114 -85 115 -85 116 -85 117 -85 118 -85 119
 -85 120 -85 121 -85 122 -85 123 -85 124 -85 125 -85 126 -85 127 -85 128 -85 129
 -85 130 -85 131 -85 132 -85 133 -85 134 -85 135 -85 136 -85 137 -85 138 -85 139
 -85 140 -85 141 -85 142 -85 143 -85 144 -85 145 -85 146 -85 147 -85 148 -85 149
 -85 150 -85 151 -85 152 -85 153 -85 154 -85 155 -85 156 -85 157 -85 158 -85 159
 -85 160 -85 161 -85 162 -85 163 -85 164 -85 165 -85 166 -85 167 -85 168 -85 169
 -85 170 -85 171 -85 172 -85 173 -85 174 -85 175 -85 176 -85 177 -85 178 -85 179
 -85 180 -85 181 -85 182 -85 183 -85 184 -85 185 -85 186 -85 187 -85 188 -85 189
 -85 190 -85 191 -85 192 -85 193 -85 194 -85 195 -85 196 -85 197 -85 198 -85 199
 -85 200 -85 201 -85 202 -85 203 -85 204 -85 205 -85 206 -85 207 -85 208 -85 209
 -85 210 -85 211 -85 212 -85 213 -85 214 -85 215 -85 216 -85 217 -85 218 -85 219
 -85 220 -85 221 -85 222 -85 223 -85 224 -85 225 -85 226 -85 227 -85 228 -85 229
 -85 230 -85 231 -85 232 -85 233 -85 234 -85 235 -85 236 -85 237 -85 238 -85 239
 -85 240 -85 241 -85 242 -85 243 -85 244 -85 245 -85 246 -85 247 -85 248 -85 249
 -85 250 -85 251 -85 252 -85 253 -85 254 -85 255 -85 256 -85 257 -85 258 -85 259
 -85 260 -85 261 -85 262 -85 263 -85 264 -85 265 -85 266 -85 267 -85 268 -85 269
 -85 270 -85 271 -85 272 -85 273 -85 274 -85 275 -85 276 -85 277 -85 278 -85 279
 -85 280 -85 281 -85 282 -85 283 -85 284 -85 285 -85 286 -85 287 -85 288 -85 289
 -85 290 -85 291 -85 292 -85 293 -85 294 -85 295 -85 296 -85 297 -85 298 -85 299
 -85 300 -85 301 -85 302 -85 303 -85 304 -85 305 -85 306 -85 307 -85 308 -85 309
 -85 310 -85 311 -85 312 -85 313 -85 314 -85 315 -85 316 -85 317 -85 318 -85 319
 -85 320 -85 321 -85 322 -85 323 -85 324 -85 325 -85 326 -85 327 -85 328 -85 329
 -85 330 -85 331 -85 332 -85 333 -85 334 -85 335 -85 336 -85 337 -85 338 -85 339
 -85 340 -85 341 -85 342 -85 343 -85 344 -85 345 -85 346 -85 347 -85 348 -85 349
 -85 350 -85 351 -85 352 -85 353 -85 354 -85 355 -85 356 -85 357 -85 358 -85 359
 -85 360
 entity-c boundaries geography lat_lon_05 "lon"
 curve r "lon" 33
 80 5  75 5  70 5  65 5  60 5  55 5  50 5  45 5  40 5  35 5 
 30 5  25 5  20 5  15 5  10 5  5 5  0 5  -5 5  -10 5  -15 5 
 -20 5  -25 5  -30 5  -35 5  -40 5  -45 5  -50 5  -55 5  -60 5  -65 5 
 -70 5  -75 5  -80 5 
 entity-c boundaries geography lat_lon_10 "lon"
 curve r "lon" 2
 85 10 80 10
 entity-c boundaries geography lat_lon_10 "lon"
 curve r "lon" 2
 -80 10 -85 10
 entity-c boundaries geography lat_lon_05 "lon"
 curve r "lon" 33
 80 15  75 15  70 15  65 15  60 15  55 15  50 15  45 15  40 15  35 15 
 30 15  25 15  20 15  15 15  10 15  5 15  0 15  -5 15  -10 15  -15 15 
 -20 15  -25 15  -30 15  -35 15  -40 15  -45 15  -50 15  -55 15  -60 15  -65 15 
 -70 15  -75 15  -80 15 
 entity-c boundaries geography lat_lon_10 "lon"
 curve r "lon" 2
 85 20 80 20
 entity-c boundaries geography lat_lon_10 "lon"
 curve r "lon" 2
 -80 20 -85 20
 entity-c boundaries geography lat_lon_05 "lon"
 curve r "lon" 33
 80 25  75 25  70 25  65 25  60 25  55 25  50 25  45 25  40 25  35 25 
 30 25  25 25  20 25  15 25  10 25  5 25  0 25  -5 25  -10 25  -15 25 
 -20 25  -25 25  -30 25  -35 25  -40 25  -45 25  -50 25  -55 25  -60 25  -65 25 
 -70 25  -75 25  -80 25 
 entity-c boundaries geography lat_lon_10 "lon"
 curve r "lon" 3
 90 30 85 30 80 30
 entity-c boundaries geography lat_lon_10 "lon"
 curve r "lon" 3
 -80 30 -85 30 -90 30
 entity-c boundaries geography lat_lon_05 "lon"
 entity-c boundaries geography lat_lon_05 "lon"
 curve r "lon" 33
 80 35  75 35  70 35  65 35  60 35  55 35  50 35  45 35  40 35  35 35 
 30 35  25 35  20 35  15 35  10 35  5 35  0 35  -5 35  -10 35  -15 35 
 -20 35  -25 35  -30 35  -35 35  -40 35  -45 35  -50 35  -55 35  -60 35  -65 35 
 -70 35  -75 35  -80 35 
 entity-c boundaries geography lat_lon_10 "lon"
 curve r "lon" 2
 85 40 80 40
 entity-c boundaries geography lat_lon_10 "lon"
 curve r "lon" 2
 -80 40 -85 40
 entity-c boundaries geography lat_lon_05 "lon"
 curve r "lon" 33
 80 45  75 45  70 45  65 45  60 45  55 45  50 45  45 45  40 45  35 45 
 30 45  25 45  20 45  15 45  10 45  5 45  0 45  -5 45  -10 45  -15 45 
 -20 45  -25 45  -30 45  -35 45  -40 45  -45 45  -50 45  -55 45  -60 45  -65 45 
 -70 45  -75 45  -80 45 
 entity-c boundaries geography lat_lon_10 "lon"
 curve r "lon" 2
 85 50 80 50
 entity-c boundaries geography lat_lon_10 "lon"
 curve r "lon" 2
 -80 50 -85 50
 entity-c boundaries geography lat_lon_05 "lon"
 curve r "lon" 33
 80 55  75 55  70 55  65 55  60 55  55 55  50 55  45 55  40 55  35 55 
 30 55  25 55  20 55  15 55  10 55  5 55  0 55  -5 55  -10 55  -15 55 
 -20 55  -25 55  -30 55  -35 55  -40 55  -45 55  -50 55  -55 55  -60 55  -65 55 
 -70 55  -75 55  -80 55 
 entity-c boundaries geography lat_lon_10 "lon"
 curve r "lon" 3
 90 60 85 60 80 60
 entity-c boundaries geography lat_lon_10 "lon"
 curve r "lon" 3
 -80 60 -85 60 -90 60
 entity-c boundaries geography lat_lon_05 "lon"
 curve r "lon" 33
 80 65  75 65  70 65  65 65  60 65  55 65  50 65  45 65  40 65  35 65 
 30 65  25 65  20 65  15 65  10 65  5 65  0 65  -5 65  -10 65  -15 65 
 -20 65  -25 65  -30 65  -35 65  -40 65  -45 65  -50 65  -55 65  -60 65  -65 65 
 -70 65  -75 65  -80 65 
 entity-c boundaries geography lat_lon_10 "lon"
 curve r "lon" 2
 85 70 80 70
 entity-c boundaries geography lat_lon_10 "lon"
 curve r "lon" 2
 -80 70 -85 70
 entity-c boundaries geography lat_lon_05 "lon"
 curve r "lon" 33
 80 75  75 75  70 75  65 75  60 75  55 75  50 75  45 75  40 75  35 75 
 30 75  25 75  20 75  15 75  10 75  5 75  0 75  -5 75  -10 75  -15 75 
 -20 75  -25 75  -30 75  -35 75  -40 75  -45 75  -50 75  -55 75  -60 75  -65 75 
 -70 75  -75 75  -80 75 
 entity-c boundaries geography lat_lon_10 "lon"
 curve r "lon" 2
 85 80 80 80
 entity-c boundaries geography lat_lon_10 "lon"
 curve r "lon" 2
 -80 80 -85 80
 entity-c boundaries geography lat_lon_05 "lon"
 curve r "lon" 33
 80 85  75 85  70 85  65 85  60 85  55 85  50 85  45 85  40 85  35 85 
 30 85  25 85  20 85  15 85  10 85  5 85  0 85  -5 85  -10 85  -15 85 
 -20 85  -25 85  -30 85  -35 85  -40 85  -45 85  -50 85  -55 85  -60 85  -65 85 
 -70 85  -75 85  -80 85 
 entity-c boundaries geography lat_lon_05 "lon"
 curve r "lon" 33
 80 95  75 95  70 95  65 95  60 95  55 95  50 95  45 95  40 95  35 95 
 30 95  25 95  20 95  15 95  10 95  5 95  0 95  -5 95  -10 95  -15 95 
 -20 95  -25 95  -30 95  -35 95  -40 95  -45 95  -50 95  -55 95  -60 95  -65 95 
 -70 95  -75 95  -80 95 
 entity-c boundaries geography lat_lon_10 "lon"
 curve r "lon" 2
 85 100 80 100
 entity-c boundaries geography lat_lon_10 "lon"
 curve r "lon" 2
 -80 100 -85 100
 entity-c boundaries geography lat_lon_05 "lon"
 curve r "lon" 33
 80 105  75 105  70 105  65 105  60 105  55 105  50 105  45 105  40 105  35 105 
 30 105  25 105  20 105  15 105  10 105  5 105  0 105  -5 105  -10 105  -15 105 
 -20 105  -25 105  -30 105  -35 105  -40 105  -45 105  -50 105  -55 105  -60 105  -65 105 
 -70 105  -75 105  -80 105 
 entity-c boundaries geography lat_lon_10 "lon"
 curve r "lon" 2
 85 110 80 110
 entity-c boundaries geography lat_lon_10 "lon"
 curve r "lon" 2
 -80 110 -85 110
 entity-c boundaries geography lat_lon_05 "lon"
 curve r "lon" 33
 80 115  75 115  70 115  65 115  60 115  55 115  50 115  45 115  40 115  35 115 
 30 115  25 115  20 115  15 115  10 115  5 115  0 115  -5 115  -10 115  -15 115 
 -20 115  -25 115  -30 115  -35 115  -40 115  -45 115  -50 115  -55 115  -60 115  -65 115 
 -70 115  -75 115  -80 115 
 entity-c boundaries geography lat_lon_10 "lon"
 curve r "lon" 3
 90 120 85 120 80 120
 entity-c boundaries geography lat_lon_10 "lon"
 curve r "lon" 3
 -80 120 -85 120 -90 120
 entity-c boundaries geography lat_lon_05 "lon"
 curve r "lon" 33
 80 125  75 125  70 125  65 125  60 125  55 125  50 125  45 125  40 125  35 125 
 30 125  25 125  20 125  15 125  10 125  5 125  0 125  -5 125  -10 125  -15 125 
 -20 125  -25 125  -30 125  -35 125  -40 125  -45 125  -50 125  -55 125  -60 125  -65 125 
 -70 125  -75 125  -80 125 
 entity-c boundaries geography lat_lon_10 "lon"
 curve r "lon" 2
 85 130 80 130
 entity-c boundaries geography lat_lon_10 "lon"
 curve r "lon" 2
 -80 130 -85 130
 entity-c boundaries geography lat_lon_05 "lon"
 curve r "lon" 33
 80 135  75 135  70 135  65 135  60 135  55 135  50 135  45 135  40 135  35 135 
 30 135  25 135  20 135  15 135  10 135  5 135  0 135  -5 135  -10 135  -15 135 
 -20 135  -25 135  -30 135  -35 135  -40 135  -45 135  -50 135  -55 135  -60 135  -65 135 
 -70 135  -75 135  -80 135 
 entity-c boundaries geography lat_lon_10 "lon"
 curve r "lon" 2
 85 140 80 140
 entity-c boundaries geography lat_lon_10 "lon"
 curve r "lon" 2
 -80 140 -85 140
 entity-c boundaries geography lat_lon_05 "lon"
 curve r "lon" 33
 80 145  75 145  70 145  65 145  60 145  55 145  50 145  45 145  40 145  35 145 
 30 145  25 145  20 145  15 145  10 145  5 145  0 145  -5 145  -10 145  -15 145 
 -20 145  -25 145  -30 145  -35 145  -40 145  -45 145  -50 145  -55 145  -60 145  -65 145 
 -70 145  -75 145  -80 145 
 entity-c boundaries geography lat_lon_10 "lon"
 curve r "lon" 3
 90 150 85 150 80 150
 entity-c boundaries geography lat_lon_10 "lon"
 curve r "lon" 3
 -80 150 -85 150 -90 150
 entity-c boundaries geography lat_lon_05 "lon"
 curve r "lon" 33
 80 155  75 155  70 155  65 155  60 155  55 155  50 155  45 155  40 155  35 155 
 30 155  25 155  20 155  15 155  10 155  5 155  0 155  -5 155  -10 155  -15 155 
 -20 155  -25 155  -30 155  -35 155  -40 155  -45 155  -50 155  -55 155  -60 155  -65 155 
 -70 155  -75 155  -80 155 
 entity-c boundaries geography lat_lon_10 "lon"
 curve r "lon" 2
 85 160 80 160
 entity-c boundaries geography lat_lon_10 "lon"
 curve r "lon" 2
 -80 160 -85 160
 entity-c boundaries geography lat_lon_05 "lon"
 curve r "lon" 33
 80 165  75 165  70 165  65 165  60 165  55 165  50 165  45 165  40 165  35 165 
 30 165  25 165  20 165  15 165  10 165  5 165  0 165  -5 165  -10 165  -15 165 
 -20 165  -25 165  -30 165  -35 165  -40 165  -45 165  -50 165  -55 165  -60 165  -65 165 
 -70 165  -75 165  -80 165 
 entity-c boundaries geography lat_lon_10 "lon"
 curve r "lon" 2
 85 170 80 170
 entity-c boundaries geography lat_lon_10 "lon"
 curve r "lon" 2
 -80 170 -85 170
 entity-c boundaries geography lat_lon_05 "lon"
 curve r "lon" 33
 80 175  75 175  70 175  65 175  60 175  55 175  50 175  45 175  40 175  35 175 
 30 175  25 175  20 175  15 175  10 175  5 175  0 175  -5 175  -10 175  -15 175 
 -20 175  -25 175  -30 175  -35 175  -40 175  -45 175  -50 175  -55 175  -60 175  -65 175 
 -70 175  -75 175  -80 175 
 entity-c boundaries geography lat_lon_05 "lon"
 curve r "lon" 33
 80 185  75 185  70 185  65 185  60 185  55 185  50 185  45 185  40 185  35 185 
 30 185  25 185  20 185  15 185  10 185  5 185  0 185  -5 185  -10 185  -15 185 
 -20 185  -25 185  -30 185  -35 185  -40 185  -45 185  -50 185  -55 185  -60 185  -65 185 
 -70 185  -75 185  -80 185 
 entity-c boundaries geography lat_lon_10 "lon"
 curve r "lon" 2
 85 190 80 190
 entity-c boundaries geography lat_lon_10 "lon"
 curve r "lon" 2
 -80 190 -85 190
 entity-c boundaries geography lat_lon_05 "lon"
 curve r "lon" 33
 80 195  75 195  70 195  65 195  60 195  55 195  50 195  45 195  40 195  35 195 
 30 195  25 195  20 195  15 195  10 195  5 195  0 195  -5 195  -10 195  -15 195 
 -20 195  -25 195  -30 195  -35 195  -40 195  -45 195  -50 195  -55 195  -60 195  -65 195 
 -70 195  -75 195  -80 195 
 entity-c boundaries geography lat_lon_10 "lon"
 curve r "lon" 2
 85 200 80 200
 entity-c boundaries geography lat_lon_10 "lon"
 curve r "lon" 2
 -80 200 -85 200
 entity-c boundaries geography lat_lon_05 "lon"
 curve r "lon" 33
 80 205  75 205  70 205  65 205  60 205  55 205  50 205  45 205  40 205  35 205 
 30 205  25 205  20 205  15 205  10 205  5 205  0 205  -5 205  -10 205  -15 205 
 -20 205  -25 205  -30 205  -35 205  -40 205  -45 205  -50 205  -55 205  -60 205  -65 205 
 -70 205  -75 205  -80 205 
 entity-c boundaries geography lat_lon_10 "lon"
 curve r "lon" 3
 90 210 85 210 80 210
 entity-c boundaries geography lat_lon_10 "lon"
 curve r "lon" 3
 -80 210 -85 210 -90 210
 entity-c boundaries geography lat_lon_05 "lon"
 curve r "lon" 33
 80 215  75 215  70 215  65 215  60 215  55 215  50 215  45 215  40 215  35 215 
 30 215  25 215  20 215  15 215  10 215  5 215  0 215  -5 215  -10 215  -15 215 
 -20 215  -25 215  -30 215  -35 215  -40 215  -45 215  -50 215  -55 215  -60 215  -65 215 
 -70 215  -75 215  -80 215 
 entity-c boundaries geography lat_lon_10 "lon"
 curve r "lon" 2
 85 220 80 220
 entity-c boundaries geography lat_lon_10 "lon"
 curve r "lon" 2
 -80 220 -85 220
 entity-c boundaries geography lat_lon_05 "lon"
 curve r "lon" 33
 80 225  75 225  70 225  65 225  60 225  55 225  50 225  45 225  40 225  35 225 
 30 225  25 225  20 225  15 225  10 225  5 225  0 225  -5 225  -10 225  -15 225 
 -20 225  -25 225  -30 225  -35 225  -40 225  -45 225  -50 225  -55 225  -60 225  -65 225 
 -70 225  -75 225  -80 225 
 entity-c boundaries geography lat_lon_10 "lon"
 curve r "lon" 2
 85 230 80 230
 entity-c boundaries geography lat_lon_10 "lon"
 curve r "lon" 2
 -80 230 -85 230
 entity-c boundaries geography lat_lon_05 "lon"
 curve r "lon" 33
 80 235  75 235  70 235  65 235  60 235  55 235  50 235  45 235  40 235  35 235 
 30 235  25 235  20 235  15 235  10 235  5 235  0 235  -5 235  -10 235  -15 235 
 -20 235  -25 235  -30 235  -35 235  -40 235  -45 235  -50 235  -55 235  -60 235  -65 235 
 -70 235  -75 235  -80 235 
 entity-c boundaries geography lat_lon_10 "lon"
 curve r "lon" 3
 90 240 85 240 80 240
 entity-c boundaries geography lat_lon_10 "lon"
 curve r "lon" 3
 -80 240 -85 240 -90 240
 entity-c boundaries geography lat_lon_05 "lon"
 curve r "lon" 33
 80 245  75 245  70 245  65 245  60 245  55 245  50 245  45 245  40 245  35 245 
 30 245  25 245  20 245  15 245  10 245  5 245  0 245  -5 245  -10 245  -15 245 
 -20 245  -25 245  -30 245  -35 245  -40 245  -45 245  -50 245  -55 245  -60 245  -65 245 
 -70 245  -75 245  -80 245 
 entity-c boundaries geography lat_lon_10 "lon"
 curve r "lon" 2
 85 250 80 250
 entity-c boundaries geography lat_lon_10 "lon"
 curve r "lon" 2
 -80 250 -85 250
 entity-c boundaries geography lat_lon_05 "lon"
 curve r "lon" 33
 80 255  75 255  70 255  65 255  60 255  55 255  50 255  45 255  40 255  35 255 
 30 255  25 255  20 255  15 255  10 255  5 255  0 255  -5 255  -10 255  -15 255 
 -20 255  -25 255  -30 255  -35 255  -40 255  -45 255  -50 255  -55 255  -60 255  -65 255 
 -70 255  -75 255  -80 255 
 entity-c boundaries geography lat_lon_10 "lon"
 curve r "lon" 2
 85 260 80 260
 entity-c boundaries geography lat_lon_10 "lon"
 curve r "lon" 2
 -80 260 -85 260
 entity-c boundaries geography lat_lon_05 "lon"
 curve r "lon" 33
 80 265  75 265  70 265  65 265  60 265  55 265  50 265  45 265  40 265  35 265 
 30 265  25 265  20 265  15 265  10 265  5 265  0 265  -5 265  -10 265  -15 265 
 -20 265  -25 265  -30 265  -35 265  -40 265  -45 265  -50 265  -55 265  -60 265  -65 265 
 -70 265  -75 265  -80 265 
 entity-c boundaries geography lat_lon_05 "lon"
 curve r "lon" 33
 80 275  75 275  70 275  65 275  60 275  55 275  50 275  45 275  40 275  35 275 
 30 275  25 275  20 275  15 275  10 275  5 275  0 275  -5 275  -10 275  -15 275 
 -20 275  -25 275  -30 275  -35 275  -40 275  -45 275  -50 275  -55 275  -60 275  -65 275 
 -70 275  -75 275  -80 275 
 entity-c boundaries geography lat_lon_10 "lon"
 curve r "lon" 2
 85 280 80 280
 entity-c boundaries geography lat_lon_10 "lon"
 curve r "lon" 2
 -80 280 -85 280
 entity-c boundaries geography lat_lon_05 "lon"
 curve r "lon" 33
 80 285  75 285  70 285  65 285  60 285  55 285  50 285  45 285  40 285  35 285 
 30 285  25 285  20 285  15 285  10 285  5 285  0 285  -5 285  -10 285  -15 285 
 -20 285  -25 285  -30 285  -35 285  -40 285  -45 285  -50 285  -55 285  -60 285  -65 285 
 -70 285  -75 285  -80 285 
 entity-c boundaries geography lat_lon_10 "lon"
 curve r "lon" 2
 85 290 80 290
 entity-c boundaries geography lat_lon_10 "lon"
 curve r "lon" 2
 -80 290 -85 290
 entity-c boundaries geography lat_lon_05 "lon"
 curve r "lon" 33
 80 295  75 295  70 295  65 295  60 295  55 295  50 295  45 295  40 295  35 295 
 30 295  25 295  20 295  15 295  10 295  5 295  0 295  -5 295  -10 295  -15 295 
 -20 295  -25 295  -30 295  -35 295  -40 295  -45 295  -50 295  -55 295  -60 295  -65 295 
 -70 295  -75 295  -80 295 
 entity-c boundaries geography lat_lon_10 "lon"
 curve r "lon" 3
 90 300 85 300 80 300
 entity-c boundaries geography lat_lon_10 "lon"
 curve r "lon" 3
 -80 300 -85 300 -90 300
 entity-c boundaries geography lat_lon_05 "lon"
 curve r "lon" 33
 80 305  75 305  70 305  65 305  60 305  55 305  50 305  45 305  40 305  35 305 
 30 305  25 305  20 305  15 305  10 305  5 305  0 305  -5 305  -10 305  -15 305 
 -20 305  -25 305  -30 305  -35 305  -40 305  -45 305  -50 305  -55 305  -60 305  -65 305 
 -70 305  -75 305  -80 305 
 entity-c boundaries geography lat_lon_10 "lon"
 curve r "lon" 2
 85 310 80 310
 entity-c boundaries geography lat_lon_10 "lon"
 curve r "lon" 2
 -80 310 -85 310
 entity-c boundaries geography lat_lon_05 "lon"
 curve r "lon" 33
 80 315  75 315  70 315  65 315  60 315  55 315  50 315  45 315  40 315  35 315 
 30 315  25 315  20 315  15 315  10 315  5 315  0 315  -5 315  -10 315  -15 315 
 -20 315  -25 315  -30 315  -35 315  -40 315  -45 315  -50 315  -55 315  -60 315  -65 315 
 -70 315  -75 315  -80 315 
 entity-c boundaries geography lat_lon_10 "lon"
 curve r "lon" 2
 85 320 80 320
 entity-c boundaries geography lat_lon_10 "lon"
 curve r "lon" 2
 -80 320 -85 320
 entity-c boundaries geography lat_lon_05 "lon"
 curve r "lon" 33
 80 325  75 325  70 325  65 325  60 325  55 325  50 325  45 325  40 325  35 325 
 30 325  25 325  20 325  15 325  10 325  5 325  0 325  -5 325  -10 325  -15 325 
 -20 325  -25 325  -30 325  -35 325  -40 325  -45 325  -50 325  -55 325  -60 325  -65 325 
 -70 325  -75 325  -80 325 
 entity-c boundaries geography lat_lon_10 "lon"
 curve r "lon" 3
 90 330 85 330 80 330
 entity-c boundaries geography lat_lon_10 "lon"
 curve r "lon" 3
 -80 330 -85 330 -90 330
 entity-c boundaries geography lat_lon_05 "lon"
 curve r "lon" 33
 80 335  75 335  70 335  65 335  60 335  55 335  50 335  45 335  40 335  35 335 
 30 335  25 335  20 335  15 335  10 335  5 335  0 335  -5 335  -10 335  -15 335 
 -20 335  -25 335  -30 335  -35 335  -40 335  -45 335  -50 335  -55 335  -60 335  -65 335 
 -70 335  -75 335  -80 335 
 entity-c boundaries geography lat_lon_10 "lon"
 curve r "lon" 2
 85 340 80 340
 entity-c boundaries geography lat_lon_10 "lon"
 curve r "lon" 2
 -80 340 -85 340
 entity-c boundaries geography lat_lon_05 "lon"
 curve r "lon" 33
 80 345  75 345  70 345  65 345  60 345  55 345  50 345  45 345  40 345  35 345 
 30 345  25 345  20 345  15 345  10 345  5 345  0 345  -5 345  -10 345  -15 345 
 -20 345  -25 345  -30 345  -35 345  -40 345  -45 345  -50 345  -55 345  -60 345  -65 345 
 -70 345  -75 345  -80 345 
 entity-c boundaries geography lat_lon_10 "lon"
 curve r "lon" 2
 85 350 80 350
 entity-c boundaries geography lat_lon_10 "lon"
 curve r "lon" 2
 -80 350 -85 350
 entity-c boundaries geography lat_lon_05 "lon"
 curve r "lon" 33
 80 355  75 355  70 355  65 355  60 355  55 355  50 355  45 355  40 355  35 355 
 30 355  25 355  20 355  15 355  10 355  5 355  0 355  -5 355  -10 355  -15 355 
 -20 355  -25 355  -30 355  -35 355  -40 355  -45 355  -50 355  -55 355  -60 355  -65 355 
 -70 355  -75 355  -80 355 
