* Latitude/Longitude lines every 10 degrees
*
 rev 1.4
  units latlon degrees
  *
 entity-c boundaries geography lat_lon_10 "lat"
 curve r "lat" 361
 80 0 80 1 80 2 80 3 80 4 80 5 80 6 80 7 80 8 80 9
 80 10 80 11 80 12 80 13 80 14 80 15 80 16 80 17 80 18 80 19
 80 20 80 21 80 22 80 23 80 24 80 25 80 26 80 27 80 28 80 29
 80 30 80 31 80 32 80 33 80 34 80 35 80 36 80 37 80 38 80 39
 80 40 80 41 80 42 80 43 80 44 80 45 80 46 80 47 80 48 80 49
 80 50 80 51 80 52 80 53 80 54 80 55 80 56 80 57 80 58 80 59
 80 60 80 61 80 62 80 63 80 64 80 65 80 66 80 67 80 68 80 69
 80 70 80 71 80 72 80 73 80 74 80 75 80 76 80 77 80 78 80 79
 80 80 80 81 80 82 80 83 80 84 80 85 80 86 80 87 80 88 80 89
 80 90 80 91 80 92 80 93 80 94 80 95 80 96 80 97 80 98 80 99
 80 100 80 101 80 102 80 103 80 104 80 105 80 106 80 107 80 108 80 109
 80 110 80 111 80 112 80 113 80 114 80 115 80 116 80 117 80 118 80 119
 80 120 80 121 80 122 80 123 80 124 80 125 80 126 80 127 80 128 80 129
 80 130 80 131 80 132 80 133 80 134 80 135 80 136 80 137 80 138 80 139
 80 140 80 141 80 142 80 143 80 144 80 145 80 146 80 147 80 148 80 149
 80 150 80 151 80 152 80 153 80 154 80 155 80 156 80 157 80 158 80 159
 80 160 80 161 80 162 80 163 80 164 80 165 80 166 80 167 80 168 80 169
 80 170 80 171 80 172 80 173 80 174 80 175 80 176 80 177 80 178 80 179
 80 180 80 181 80 182 80 183 80 184 80 185 80 186 80 187 80 188 80 189
 80 190 80 191 80 192 80 193 80 194 80 195 80 196 80 197 80 198 80 199
 80 200 80 201 80 202 80 203 80 204 80 205 80 206 80 207 80 208 80 209
 80 210 80 211 80 212 80 213 80 214 80 215 80 216 80 217 80 218 80 219
 80 220 80 221 80 222 80 223 80 224 80 225 80 226 80 227 80 228 80 229
 80 230 80 231 80 232 80 233 80 234 80 235 80 236 80 237 80 238 80 239
 80 240 80 241 80 242 80 243 80 244 80 245 80 246 80 247 80 248 80 249
 80 250 80 251 80 252 80 253 80 254 80 255 80 256 80 257 80 258 80 259
 80 260 80 261 80 262 80 263 80 264 80 265 80 266 80 267 80 268 80 269
 80 270 80 271 80 272 80 273 80 274 80 275 80 276 80 277 80 278 80 279
 80 280 80 281 80 282 80 283 80 284 80 285 80 286 80 287 80 288 80 289
 80 290 80 291 80 292 80 293 80 294 80 295 80 296 80 297 80 298 80 299
 80 300 80 301 80 302 80 303 80 304 80 305 80 306 80 307 80 308 80 309
 80 310 80 311 80 312 80 313 80 314 80 315 80 316 80 317 80 318 80 319
 80 320 80 321 80 322 80 323 80 324 80 325 80 326 80 327 80 328 80 329
 80 330 80 331 80 332 80 333 80 334 80 335 80 336 80 337 80 338 80 339
 80 340 80 341 80 342 80 343 80 344 80 345 80 346 80 347 80 348 80 349
 80 350 80 351 80 352 80 353 80 354 80 355 80 356 80 357 80 358 80 359
 80 360
 entity-c boundaries geography lat_lon_10 "lat"
 curve r "lat" 361
 70 0 70 1 70 2 70 3 70 4 70 5 70 6 70 7 70 8 70 9
 70 10 70 11 70 12 70 13 70 14 70 15 70 16 70 17 70 18 70 19
 70 20 70 21 70 22 70 23 70 24 70 25 70 26 70 27 70 28 70 29
 70 30 70 31 70 32 70 33 70 34 70 35 70 36 70 37 70 38 70 39
 70 40 70 41 70 42 70 43 70 44 70 45 70 46 70 47 70 48 70 49
 70 50 70 51 70 52 70 53 70 54 70 55 70 56 70 57 70 58 70 59
 70 60 70 61 70 62 70 63 70 64 70 65 70 66 70 67 70 68 70 69
 70 70 70 71 70 72 70 73 70 74 70 75 70 76 70 77 70 78 70 79
 70 80 70 81 70 82 70 83 70 84 70 85 70 86 70 87 70 88 70 89
 70 90 70 91 70 92 70 93 70 94 70 95 70 96 70 97 70 98 70 99
 70 100 70 101 70 102 70 103 70 104 70 105 70 106 70 107 70 108 70 109
 70 110 70 111 70 112 70 113 70 114 70 115 70 116 70 117 70 118 70 119
 70 120 70 121 70 122 70 123 70 124 70 125 70 126 70 127 70 128 70 129
 70 130 70 131 70 132 70 133 70 134 70 135 70 136 70 137 70 138 70 139
 70 140 70 141 70 142 70 143 70 144 70 145 70 146 70 147 70 148 70 149
 70 150 70 151 70 152 70 153 70 154 70 155 70 156 70 157 70 158 70 159
 70 160 70 161 70 162 70 163 70 164 70 165 70 166 70 167 70 168 70 169
 70 170 70 171 70 172 70 173 70 174 70 175 70 176 70 177 70 178 70 179
 70 180 70 181 70 182 70 183 70 184 70 185 70 186 70 187 70 188 70 189
 70 190 70 191 70 192 70 193 70 194 70 195 70 196 70 197 70 198 70 199
 70 200 70 201 70 202 70 203 70 204 70 205 70 206 70 207 70 208 70 209
 70 210 70 211 70 212 70 213 70 214 70 215 70 216 70 217 70 218 70 219
 70 220 70 221 70 222 70 223 70 224 70 225 70 226 70 227 70 228 70 229
 70 230 70 231 70 232 70 233 70 234 70 235 70 236 70 237 70 238 70 239
 70 240 70 241 70 242 70 243 70 244 70 245 70 246 70 247 70 248 70 249
 70 250 70 251 70 252 70 253 70 254 70 255 70 256 70 257 70 258 70 259
 70 260 70 261 70 262 70 263 70 264 70 265 70 266 70 267 70 268 70 269
 70 270 70 271 70 272 70 273 70 274 70 275 70 276 70 277 70 278 70 279
 70 280 70 281 70 282 70 283 70 284 70 285 70 286 70 287 70 288 70 289
 70 290 70 291 70 292 70 293 70 294 70 295 70 296 70 297 70 298 70 299
 70 300 70 301 70 302 70 303 70 304 70 305 70 306 70 307 70 308 70 309
 70 310 70 311 70 312 70 313 70 314 70 315 70 316 70 317 70 318 70 319
 70 320 70 321 70 322 70 323 70 324 70 325 70 326 70 327 70 328 70 329
 70 330 70 331 70 332 70 333 70 334 70 335 70 336 70 337 70 338 70 339
 70 340 70 341 70 342 70 343 70 344 70 345 70 346 70 347 70 348 70 349
 70 350 70 351 70 352 70 353 70 354 70 355 70 356 70 357 70 358 70 359
 70 360
 entity-c boundaries geography lat_lon_10 "lat"
 curve r "lat" 361
 60 0 60 1 60 2 60 3 60 4 60 5 60 6 60 7 60 8 60 9
 60 10 60 11 60 12 60 13 60 14 60 15 60 16 60 17 60 18 60 19
 60 20 60 21 60 22 60 23 60 24 60 25 60 26 60 27 60 28 60 29
 60 30 60 31 60 32 60 33 60 34 60 35 60 36 60 37 60 38 60 39
 60 40 60 41 60 42 60 43 60 44 60 45 60 46 60 47 60 48 60 49
 60 50 60 51 60 52 60 53 60 54 60 55 60 56 60 57 60 58 60 59
 60 60 60 61 60 62 60 63 60 64 60 65 60 66 60 67 60 68 60 69
 60 70 60 71 60 72 60 73 60 74 60 75 60 76 60 77 60 78 60 79
 60 80 60 81 60 82 60 83 60 84 60 85 60 86 60 87 60 88 60 89
 60 90 60 91 60 92 60 93 60 94 60 95 60 96 60 97 60 98 60 99
 60 100 60 101 60 102 60 103 60 104 60 105 60 106 60 107 60 108 60 109
 60 110 60 111 60 112 60 113 60 114 60 115 60 116 60 117 60 118 60 119
 60 120 60 121 60 122 60 123 60 124 60 125 60 126 60 127 60 128 60 129
 60 130 60 131 60 132 60 133 60 134 60 135 60 136 60 137 60 138 60 139
 60 140 60 141 60 142 60 143 60 144 60 145 60 146 60 147 60 148 60 149
 60 150 60 151 60 152 60 153 60 154 60 155 60 156 60 157 60 158 60 159
 60 160 60 161 60 162 60 163 60 164 60 165 60 166 60 167 60 168 60 169
 60 170 60 171 60 172 60 173 60 174 60 175 60 176 60 177 60 178 60 179
 60 180 60 181 60 182 60 183 60 184 60 185 60 186 60 187 60 188 60 189
 60 190 60 191 60 192 60 193 60 194 60 195 60 196 60 197 60 198 60 199
 60 200 60 201 60 202 60 203 60 204 60 205 60 206 60 207 60 208 60 209
 60 210 60 211 60 212 60 213 60 214 60 215 60 216 60 217 60 218 60 219
 60 220 60 221 60 222 60 223 60 224 60 225 60 226 60 227 60 228 60 229
 60 230 60 231 60 232 60 233 60 234 60 235 60 236 60 237 60 238 60 239
 60 240 60 241 60 242 60 243 60 244 60 245 60 246 60 247 60 248 60 249
 60 250 60 251 60 252 60 253 60 254 60 255 60 256 60 257 60 258 60 259
 60 260 60 261 60 262 60 263 60 264 60 265 60 266 60 267 60 268 60 269
 60 270 60 271 60 272 60 273 60 274 60 275 60 276 60 277 60 278 60 279
 60 280 60 281 60 282 60 283 60 284 60 285 60 286 60 287 60 288 60 289
 60 290 60 291 60 292 60 293 60 294 60 295 60 296 60 297 60 298 60 299
 60 300 60 301 60 302 60 303 60 304 60 305 60 306 60 307 60 308 60 309
 60 310 60 311 60 312 60 313 60 314 60 315 60 316 60 317 60 318 60 319
 60 320 60 321 60 322 60 323 60 324 60 325 60 326 60 327 60 328 60 329
 60 330 60 331 60 332 60 333 60 334 60 335 60 336 60 337 60 338 60 339
 60 340 60 341 60 342 60 343 60 344 60 345 60 346 60 347 60 348 60 349
 60 350 60 351 60 352 60 353 60 354 60 355 60 356 60 357 60 358 60 359
 60 360
 entity-c boundaries geography lat_lon_10 "lat"
 curve r "lat" 361
 50 0 50 1 50 2 50 3 50 4 50 5 50 6 50 7 50 8 50 9
 50 10 50 11 50 12 50 13 50 14 50 15 50 16 50 17 50 18 50 19
 50 20 50 21 50 22 50 23 50 24 50 25 50 26 50 27 50 28 50 29
 50 30 50 31 50 32 50 33 50 34 50 35 50 36 50 37 50 38 50 39
 50 40 50 41 50 42 50 43 50 44 50 45 50 46 50 47 50 48 50 49
 50 50 50 51 50 52 50 53 50 54 50 55 50 56 50 57 50 58 50 59
 50 60 50 61 50 62 50 63 50 64 50 65 50 66 50 67 50 68 50 69
 50 70 50 71 50 72 50 73 50 74 50 75 50 76 50 77 50 78 50 79
 50 80 50 81 50 82 50 83 50 84 50 85 50 86 50 87 50 88 50 89
 50 90 50 91 50 92 50 93 50 94 50 95 50 96 50 97 50 98 50 99
 50 100 50 101 50 102 50 103 50 104 50 105 50 106 50 107 50 108 50 109
 50 110 50 111 50 112 50 113 50 114 50 115 50 116 50 117 50 118 50 119
 50 120 50 121 50 122 50 123 50 124 50 125 50 126 50 127 50 128 50 129
 50 130 50 131 50 132 50 133 50 134 50 135 50 136 50 137 50 138 50 139
 50 140 50 141 50 142 50 143 50 144 50 145 50 146 50 147 50 148 50 149
 50 150 50 151 50 152 50 153 50 154 50 155 50 156 50 157 50 158 50 159
 50 160 50 161 50 162 50 163 50 164 50 165 50 166 50 167 50 168 50 169
 50 170 50 171 50 172 50 173 50 174 50 175 50 176 50 177 50 178 50 179
 50 180 50 181 50 182 50 183 50 184 50 185 50 186 50 187 50 188 50 189
 50 190 50 191 50 192 50 193 50 194 50 195 50 196 50 197 50 198 50 199
 50 200 50 201 50 202 50 203 50 204 50 205 50 206 50 207 50 208 50 209
 50 210 50 211 50 212 50 213 50 214 50 215 50 216 50 217 50 218 50 219
 50 220 50 221 50 222 50 223 50 224 50 225 50 226 50 227 50 228 50 229
 50 230 50 231 50 232 50 233 50 234 50 235 50 236 50 237 50 238 50 239
 50 240 50 241 50 242 50 243 50 244 50 245 50 246 50 247 50 248 50 249
 50 250 50 251 50 252 50 253 50 254 50 255 50 256 50 257 50 258 50 259
 50 260 50 261 50 262 50 263 50 264 50 265 50 266 50 267 50 268 50 269
 50 270 50 271 50 272 50 273 50 274 50 275 50 276 50 277 50 278 50 279
 50 280 50 281 50 282 50 283 50 284 50 285 50 286 50 287 50 288 50 289
 50 290 50 291 50 292 50 293 50 294 50 295 50 296 50 297 50 298 50 299
 50 300 50 301 50 302 50 303 50 304 50 305 50 306 50 307 50 308 50 309
 50 310 50 311 50 312 50 313 50 314 50 315 50 316 50 317 50 318 50 319
 50 320 50 321 50 322 50 323 50 324 50 325 50 326 50 327 50 328 50 329
 50 330 50 331 50 332 50 333 50 334 50 335 50 336 50 337 50 338 50 339
 50 340 50 341 50 342 50 343 50 344 50 345 50 346 50 347 50 348 50 349
 50 350 50 351 50 352 50 353 50 354 50 355 50 356 50 357 50 358 50 359
 50 360
 entity-c boundaries geography lat_lon_10 "lat"
 curve r "lat" 361
 40 0 40 1 40 2 40 3 40 4 40 5 40 6 40 7 40 8 40 9
 40 10 40 11 40 12 40 13 40 14 40 15 40 16 40 17 40 18 40 19
 40 20 40 21 40 22 40 23 40 24 40 25 40 26 40 27 40 28 40 29
 40 30 40 31 40 32 40 33 40 34 40 35 40 36 40 37 40 38 40 39
 40 40 40 41 40 42 40 43 40 44 40 45 40 46 40 47 40 48 40 49
 40 50 40 51 40 52 40 53 40 54 40 55 40 56 40 57 40 58 40 59
 40 60 40 61 40 62 40 63 40 64 40 65 40 66 40 67 40 68 40 69
 40 70 40 71 40 72 40 73 40 74 40 75 40 76 40 77 40 78 40 79
 40 80 40 81 40 82 40 83 40 84 40 85 40 86 40 87 40 88 40 89
 40 90 40 91 40 92 40 93 40 94 40 95 40 96 40 97 40 98 40 99
 40 100 40 101 40 102 40 103 40 104 40 105 40 106 40 107 40 108 40 109
 40 110 40 111 40 112 40 113 40 114 40 115 40 116 40 117 40 118 40 119
 40 120 40 121 40 122 40 123 40 124 40 125 40 126 40 127 40 128 40 129
 40 130 40 131 40 132 40 133 40 134 40 135 40 136 40 137 40 138 40 139
 40 140 40 141 40 142 40 143 40 144 40 145 40 146 40 147 40 148 40 149
 40 150 40 151 40 152 40 153 40 154 40 155 40 156 40 157 40 158 40 159
 40 160 40 161 40 162 40 163 40 164 40 165 40 166 40 167 40 168 40 169
 40 170 40 171 40 172 40 173 40 174 40 175 40 176 40 177 40 178 40 179
 40 180 40 181 40 182 40 183 40 184 40 185 40 186 40 187 40 188 40 189
 40 190 40 191 40 192 40 193 40 194 40 195 40 196 40 197 40 198 40 199
 40 200 40 201 40 202 40 203 40 204 40 205 40 206 40 207 40 208 40 209
 40 210 40 211 40 212 40 213 40 214 40 215 40 216 40 217 40 218 40 219
 40 220 40 221 40 222 40 223 40 224 40 225 40 226 40 227 40 228 40 229
 40 230 40 231 40 232 40 233 40 234 40 235 40 236 40 237 40 238 40 239
 40 240 40 241 40 242 40 243 40 244 40 245 40 246 40 247 40 248 40 249
 40 250 40 251 40 252 40 253 40 254 40 255 40 256 40 257 40 258 40 259
 40 260 40 261 40 262 40 263 40 264 40 265 40 266 40 267 40 268 40 269
 40 270 40 271 40 272 40 273 40 274 40 275 40 276 40 277 40 278 40 279
 40 280 40 281 40 282 40 283 40 284 40 285 40 286 40 287 40 288 40 289
 40 290 40 291 40 292 40 293 40 294 40 295 40 296 40 297 40 298 40 299
 40 300 40 301 40 302 40 303 40 304 40 305 40 306 40 307 40 308 40 309
 40 310 40 311 40 312 40 313 40 314 40 315 40 316 40 317 40 318 40 319
 40 320 40 321 40 322 40 323 40 324 40 325 40 326 40 327 40 328 40 329
 40 330 40 331 40 332 40 333 40 334 40 335 40 336 40 337 40 338 40 339
 40 340 40 341 40 342 40 343 40 344 40 345 40 346 40 347 40 348 40 349
 40 350 40 351 40 352 40 353 40 354 40 355 40 356 40 357 40 358 40 359
 40 360
 entity-c boundaries geography lat_lon_10 "lat"
 curve r "lat" 361
 30 0 30 1 30 2 30 3 30 4 30 5 30 6 30 7 30 8 30 9
 30 10 30 11 30 12 30 13 30 14 30 15 30 16 30 17 30 18 30 19
 30 20 30 21 30 22 30 23 30 24 30 25 30 26 30 27 30 28 30 29
 30 30 30 31 30 32 30 33 30 34 30 35 30 36 30 37 30 38 30 39
 30 40 30 41 30 42 30 43 30 44 30 45 30 46 30 47 30 48 30 49
 30 50 30 51 30 52 30 53 30 54 30 55 30 56 30 57 30 58 30 59
 30 60 30 61 30 62 30 63 30 64 30 65 30 66 30 67 30 68 30 69
 30 70 30 71 30 72 30 73 30 74 30 75 30 76 30 77 30 78 30 79
 30 80 30 81 30 82 30 83 30 84 30 85 30 86 30 87 30 88 30 89
 30 90 30 91 30 92 30 93 30 94 30 95 30 96 30 97 30 98 30 99
 30 100 30 101 30 102 30 103 30 104 30 105 30 106 30 107 30 108 30 109
 30 110 30 111 30 112 30 113 30 114 30 115 30 116 30 117 30 118 30 119
 30 120 30 121 30 122 30 123 30 124 30 125 30 126 30 127 30 128 30 129
 30 130 30 131 30 132 30 133 30 134 30 135 30 136 30 137 30 138 30 139
 30 140 30 141 30 142 30 143 30 144 30 145 30 146 30 147 30 148 30 149
 30 150 30 151 30 152 30 153 30 154 30 155 30 156 30 157 30 158 30 159
 30 160 30 161 30 162 30 163 30 164 30 165 30 166 30 167 30 168 30 169
 30 170 30 171 30 172 30 173 30 174 30 175 30 176 30 177 30 178 30 179
 30 180 30 181 30 182 30 183 30 184 30 185 30 186 30 187 30 188 30 189
 30 190 30 191 30 192 30 193 30 194 30 195 30 196 30 197 30 198 30 199
 30 200 30 201 30 202 30 203 30 204 30 205 30 206 30 207 30 208 30 209
 30 210 30 211 30 212 30 213 30 214 30 215 30 216 30 217 30 218 30 219
 30 220 30 221 30 222 30 223 30 224 30 225 30 226 30 227 30 228 30 229
 30 230 30 231 30 232 30 233 30 234 30 235 30 236 30 237 30 238 30 239
 30 240 30 241 30 242 30 243 30 244 30 245 30 246 30 247 30 248 30 249
 30 250 30 251 30 252 30 253 30 254 30 255 30 256 30 257 30 258 30 259
 30 260 30 261 30 262 30 263 30 264 30 265 30 266 30 267 30 268 30 269
 30 270 30 271 30 272 30 273 30 274 30 275 30 276 30 277 30 278 30 279
 30 280 30 281 30 282 30 283 30 284 30 285 30 286 30 287 30 288 30 289
 30 290 30 291 30 292 30 293 30 294 30 295 30 296 30 297 30 298 30 299
 30 300 30 301 30 302 30 303 30 304 30 305 30 306 30 307 30 308 30 309
 30 310 30 311 30 312 30 313 30 314 30 315 30 316 30 317 30 318 30 319
 30 320 30 321 30 322 30 323 30 324 30 325 30 326 30 327 30 328 30 329
 30 330 30 331 30 332 30 333 30 334 30 335 30 336 30 337 30 338 30 339
 30 340 30 341 30 342 30 343 30 344 30 345 30 346 30 347 30 348 30 349
 30 350 30 351 30 352 30 353 30 354 30 355 30 356 30 357 30 358 30 359
 30 360
 entity-c boundaries geography lat_lon_10 "lat"
 curve r "lat" 361
 20 0 20 1 20 2 20 3 20 4 20 5 20 6 20 7 20 8 20 9
 20 10 20 11 20 12 20 13 20 14 20 15 20 16 20 17 20 18 20 19
 20 20 20 21 20 22 20 23 20 24 20 25 20 26 20 27 20 28 20 29
 20 30 20 31 20 32 20 33 20 34 20 35 20 36 20 37 20 38 20 39
 20 40 20 41 20 42 20 43 20 44 20 45 20 46 20 47 20 48 20 49
 20 50 20 51 20 52 20 53 20 54 20 55 20 56 20 57 20 58 20 59
 20 60 20 61 20 62 20 63 20 64 20 65 20 66 20 67 20 68 20 69
 20 70 20 71 20 72 20 73 20 74 20 75 20 76 20 77 20 78 20 79
 20 80 20 81 20 82 20 83 20 84 20 85 20 86 20 87 20 88 20 89
 20 90 20 91 20 92 20 93 20 94 20 95 20 96 20 97 20 98 20 99
 20 100 20 101 20 102 20 103 20 104 20 105 20 106 20 107 20 108 20 109
 20 110 20 111 20 112 20 113 20 114 20 115 20 116 20 117 20 118 20 119
 20 120 20 121 20 122 20 123 20 124 20 125 20 126 20 127 20 128 20 129
 20 130 20 131 20 132 20 133 20 134 20 135 20 136 20 137 20 138 20 139
 20 140 20 141 20 142 20 143 20 144 20 145 20 146 20 147 20 148 20 149
 20 150 20 151 20 152 20 153 20 154 20 155 20 156 20 157 20 158 20 159
 20 160 20 161 20 162 20 163 20 164 20 165 20 166 20 167 20 168 20 169
 20 170 20 171 20 172 20 173 20 174 20 175 20 176 20 177 20 178 20 179
 20 180 20 181 20 182 20 183 20 184 20 185 20 186 20 187 20 188 20 189
 20 190 20 191 20 192 20 193 20 194 20 195 20 196 20 197 20 198 20 199
 20 200 20 201 20 202 20 203 20 204 20 205 20 206 20 207 20 208 20 209
 20 210 20 211 20 212 20 213 20 214 20 215 20 216 20 217 20 218 20 219
 20 220 20 221 20 222 20 223 20 224 20 225 20 226 20 227 20 228 20 229
 20 230 20 231 20 232 20 233 20 234 20 235 20 236 20 237 20 238 20 239
 20 240 20 241 20 242 20 243 20 244 20 245 20 246 20 247 20 248 20 249
 20 250 20 251 20 252 20 253 20 254 20 255 20 256 20 257 20 258 20 259
 20 260 20 261 20 262 20 263 20 264 20 265 20 266 20 267 20 268 20 269
 20 270 20 271 20 272 20 273 20 274 20 275 20 276 20 277 20 278 20 279
 20 280 20 281 20 282 20 283 20 284 20 285 20 286 20 287 20 288 20 289
 20 290 20 291 20 292 20 293 20 294 20 295 20 296 20 297 20 298 20 299
 20 300 20 301 20 302 20 303 20 304 20 305 20 306 20 307 20 308 20 309
 20 310 20 311 20 312 20 313 20 314 20 315 20 316 20 317 20 318 20 319
 20 320 20 321 20 322 20 323 20 324 20 325 20 326 20 327 20 328 20 329
 20 330 20 331 20 332 20 333 20 334 20 335 20 336 20 337 20 338 20 339
 20 340 20 341 20 342 20 343 20 344 20 345 20 346 20 347 20 348 20 349
 20 350 20 351 20 352 20 353 20 354 20 355 20 356 20 357 20 358 20 359
 20 360
 entity-c boundaries geography lat_lon_10 "lat"
 curve r "lat" 361
 10 0 10 1 10 2 10 3 10 4 10 5 10 6 10 7 10 8 10 9
 10 10 10 11 10 12 10 13 10 14 10 15 10 16 10 17 10 18 10 19
 10 20 10 21 10 22 10 23 10 24 10 25 10 26 10 27 10 28 10 29
 10 30 10 31 10 32 10 33 10 34 10 35 10 36 10 37 10 38 10 39
 10 40 10 41 10 42 10 43 10 44 10 45 10 46 10 47 10 48 10 49
 10 50 10 51 10 52 10 53 10 54 10 55 10 56 10 57 10 58 10 59
 10 60 10 61 10 62 10 63 10 64 10 65 10 66 10 67 10 68 10 69
 10 70 10 71 10 72 10 73 10 74 10 75 10 76 10 77 10 78 10 79
 10 80 10 81 10 82 10 83 10 84 10 85 10 86 10 87 10 88 10 89
 10 90 10 91 10 92 10 93 10 94 10 95 10 96 10 97 10 98 10 99
 10 100 10 101 10 102 10 103 10 104 10 105 10 106 10 107 10 108 10 109
 10 110 10 111 10 112 10 113 10 114 10 115 10 116 10 117 10 118 10 119
 10 120 10 121 10 122 10 123 10 124 10 125 10 126 10 127 10 128 10 129
 10 130 10 131 10 132 10 133 10 134 10 135 10 136 10 137 10 138 10 139
 10 140 10 141 10 142 10 143 10 144 10 145 10 146 10 147 10 148 10 149
 10 150 10 151 10 152 10 153 10 154 10 155 10 156 10 157 10 158 10 159
 10 160 10 161 10 162 10 163 10 164 10 165 10 166 10 167 10 168 10 169
 10 170 10 171 10 172 10 173 10 174 10 175 10 176 10 177 10 178 10 179
 10 180 10 181 10 182 10 183 10 184 10 185 10 186 10 187 10 188 10 189
 10 190 10 191 10 192 10 193 10 194 10 195 10 196 10 197 10 198 10 199
 10 200 10 201 10 202 10 203 10 204 10 205 10 206 10 207 10 208 10 209
 10 210 10 211 10 212 10 213 10 214 10 215 10 216 10 217 10 218 10 219
 10 220 10 221 10 222 10 223 10 224 10 225 10 226 10 227 10 228 10 229
 10 230 10 231 10 232 10 233 10 234 10 235 10 236 10 237 10 238 10 239
 10 240 10 241 10 242 10 243 10 244 10 245 10 246 10 247 10 248 10 249
 10 250 10 251 10 252 10 253 10 254 10 255 10 256 10 257 10 258 10 259
 10 260 10 261 10 262 10 263 10 264 10 265 10 266 10 267 10 268 10 269
 10 270 10 271 10 272 10 273 10 274 10 275 10 276 10 277 10 278 10 279
 10 280 10 281 10 282 10 283 10 284 10 285 10 286 10 287 10 288 10 289
 10 290 10 291 10 292 10 293 10 294 10 295 10 296 10 297 10 298 10 299
 10 300 10 301 10 302 10 303 10 304 10 305 10 306 10 307 10 308 10 309
 10 310 10 311 10 312 10 313 10 314 10 315 10 316 10 317 10 318 10 319
 10 320 10 321 10 322 10 323 10 324 10 325 10 326 10 327 10 328 10 329
 10 330 10 331 10 332 10 333 10 334 10 335 10 336 10 337 10 338 10 339
 10 340 10 341 10 342 10 343 10 344 10 345 10 346 10 347 10 348 10 349
 10 350 10 351 10 352 10 353 10 354 10 355 10 356 10 357 10 358 10 359
 10 360
 entity-c boundaries geography lat_lon_10 "lat"
 curve r "lat" 361
 0 0 0 1 0 2 0 3 0 4 0 5 0 6 0 7 0 8 0 9
 0 10 0 11 0 12 0 13 0 14 0 15 0 16 0 17 0 18 0 19
 0 20 0 21 0 22 0 23 0 24 0 25 0 26 0 27 0 28 0 29
 0 30 0 31 0 32 0 33 0 34 0 35 0 36 0 37 0 38 0 39
 0 40 0 41 0 42 0 43 0 44 0 45 0 46 0 47 0 48 0 49
 0 50 0 51 0 52 0 53 0 54 0 55 0 56 0 57 0 58 0 59
 0 60 0 61 0 62 0 63 0 64 0 65 0 66 0 67 0 68 0 69
 0 70 0 71 0 72 0 73 0 74 0 75 0 76 0 77 0 78 0 79
 0 80 0 81 0 82 0 83 0 84 0 85 0 86 0 87 0 88 0 89
 0 90 0 91 0 92 0 93 0 94 0 95 0 96 0 97 0 98 0 99
 0 100 0 101 0 102 0 103 0 104 0 105 0 106 0 107 0 108 0 109
 0 110 0 111 0 112 0 113 0 114 0 115 0 116 0 117 0 118 0 119
 0 120 0 121 0 122 0 123 0 124 0 125 0 126 0 127 0 128 0 129
 0 130 0 131 0 132 0 133 0 134 0 135 0 136 0 137 0 138 0 139
 0 140 0 141 0 142 0 143 0 144 0 145 0 146 0 147 0 148 0 149
 0 150 0 151 0 152 0 153 0 154 0 155 0 156 0 157 0 158 0 159
 0 160 0 161 0 162 0 163 0 164 0 165 0 166 0 167 0 168 0 169
 0 170 0 171 0 172 0 173 0 174 0 175 0 176 0 177 0 178 0 179
 0 180 0 181 0 182 0 183 0 184 0 185 0 186 0 187 0 188 0 189
 0 190 0 191 0 192 0 193 0 194 0 195 0 196 0 197 0 198 0 199
 0 200 0 201 0 202 0 203 0 204 0 205 0 206 0 207 0 208 0 209
 0 210 0 211 0 212 0 213 0 214 0 215 0 216 0 217 0 218 0 219
 0 220 0 221 0 222 0 223 0 224 0 225 0 226 0 227 0 228 0 229
 0 230 0 231 0 232 0 233 0 234 0 235 0 236 0 237 0 238 0 239
 0 240 0 241 0 242 0 243 0 244 0 245 0 246 0 247 0 248 0 249
 0 250 0 251 0 252 0 253 0 254 0 255 0 256 0 257 0 258 0 259
 0 260 0 261 0 262 0 263 0 264 0 265 0 266 0 267 0 268 0 269
 0 270 0 271 0 272 0 273 0 274 0 275 0 276 0 277 0 278 0 279
 0 280 0 281 0 282 0 283 0 284 0 285 0 286 0 287 0 288 0 289
 0 290 0 291 0 292 0 293 0 294 0 295 0 296 0 297 0 298 0 299
 0 300 0 301 0 302 0 303 0 304 0 305 0 306 0 307 0 308 0 309
 0 310 0 311 0 312 0 313 0 314 0 315 0 316 0 317 0 318 0 319
 0 320 0 321 0 322 0 323 0 324 0 325 0 326 0 327 0 328 0 329
 0 330 0 331 0 332 0 333 0 334 0 335 0 336 0 337 0 338 0 339
 0 340 0 341 0 342 0 343 0 344 0 345 0 346 0 347 0 348 0 349
 0 350 0 351 0 352 0 353 0 354 0 355 0 356 0 357 0 358 0 359
 0 360
 entity-c boundaries geography lat_lon_10 "lat"
 curve r "lat" 361
 -10 0 -10 1 -10 2 -10 3 -10 4 -10 5 -10 6 -10 7 -10 8 -10 9
 -10 10 -10 11 -10 12 -10 13 -10 14 -10 15 -10 16 -10 17 -10 18 -10 19
 -10 20 -10 21 -10 22 -10 23 -10 24 -10 25 -10 26 -10 27 -10 28 -10 29
 -10 30 -10 31 -10 32 -10 33 -10 34 -10 35 -10 36 -10 37 -10 38 -10 39
 -10 40 -10 41 -10 42 -10 43 -10 44 -10 45 -10 46 -10 47 -10 48 -10 49
 -10 50 -10 51 -10 52 -10 53 -10 54 -10 55 -10 56 -10 57 -10 58 -10 59
 -10 60 -10 61 -10 62 -10 63 -10 64 -10 65 -10 66 -10 67 -10 68 -10 69
 -10 70 -10 71 -10 72 -10 73 -10 74 -10 75 -10 76 -10 77 -10 78 -10 79
 -10 80 -10 81 -10 82 -10 83 -10 84 -10 85 -10 86 -10 87 -10 88 -10 89
 -10 90 -10 91 -10 92 -10 93 -10 94 -10 95 -10 96 -10 97 -10 98 -10 99
 -10 100 -10 101 -10 102 -10 103 -10 104 -10 105 -10 106 -10 107 -10 108 -10 109
 -10 110 -10 111 -10 112 -10 113 -10 114 -10 115 -10 116 -10 117 -10 118 -10 119
 -10 120 -10 121 -10 122 -10 123 -10 124 -10 125 -10 126 -10 127 -10 128 -10 129
 -10 130 -10 131 -10 132 -10 133 -10 134 -10 135 -10 136 -10 137 -10 138 -10 139
 -10 140 -10 141 -10 142 -10 143 -10 144 -10 145 -10 146 -10 147 -10 148 -10 149
 -10 150 -10 151 -10 152 -10 153 -10 154 -10 155 -10 156 -10 157 -10 158 -10 159
 -10 160 -10 161 -10 162 -10 163 -10 164 -10 165 -10 166 -10 167 -10 168 -10 169
 -10 170 -10 171 -10 172 -10 173 -10 174 -10 175 -10 176 -10 177 -10 178 -10 179
 -10 180 -10 181 -10 182 -10 183 -10 184 -10 185 -10 186 -10 187 -10 188 -10 189
 -10 190 -10 191 -10 192 -10 193 -10 194 -10 195 -10 196 -10 197 -10 198 -10 199
 -10 200 -10 201 -10 202 -10 203 -10 204 -10 205 -10 206 -10 207 -10 208 -10 209
 -10 210 -10 211 -10 212 -10 213 -10 214 -10 215 -10 216 -10 217 -10 218 -10 219
 -10 220 -10 221 -10 222 -10 223 -10 224 -10 225 -10 226 -10 227 -10 228 -10 229
 -10 230 -10 231 -10 232 -10 233 -10 234 -10 235 -10 236 -10 237 -10 238 -10 239
 -10 240 -10 241 -10 242 -10 243 -10 244 -10 245 -10 246 -10 247 -10 248 -10 249
 -10 250 -10 251 -10 252 -10 253 -10 254 -10 255 -10 256 -10 257 -10 258 -10 259
 -10 260 -10 261 -10 262 -10 263 -10 264 -10 265 -10 266 -10 267 -10 268 -10 269
 -10 270 -10 271 -10 272 -10 273 -10 274 -10 275 -10 276 -10 277 -10 278 -10 279
 -10 280 -10 281 -10 282 -10 283 -10 284 -10 285 -10 286 -10 287 -10 288 -10 289
 -10 290 -10 291 -10 292 -10 293 -10 294 -10 295 -10 296 -10 297 -10 298 -10 299
 -10 300 -10 301 -10 302 -10 303 -10 304 -10 305 -10 306 -10 307 -10 308 -10 309
 -10 310 -10 311 -10 312 -10 313 -10 314 -10 315 -10 316 -10 317 -10 318 -10 319
 -10 320 -10 321 -10 322 -10 323 -10 324 -10 325 -10 326 -10 327 -10 328 -10 329
 -10 330 -10 331 -10 332 -10 333 -10 334 -10 335 -10 336 -10 337 -10 338 -10 339
 -10 340 -10 341 -10 342 -10 343 -10 344 -10 345 -10 346 -10 347 -10 348 -10 349
 -10 350 -10 351 -10 352 -10 353 -10 354 -10 355 -10 356 -10 357 -10 358 -10 359
 -10 360
 entity-c boundaries geography lat_lon_10 "lat"
 curve r "lat" 361
 -20 0 -20 1 -20 2 -20 3 -20 4 -20 5 -20 6 -20 7 -20 8 -20 9
 -20 10 -20 11 -20 12 -20 13 -20 14 -20 15 -20 16 -20 17 -20 18 -20 19
 -20 20 -20 21 -20 22 -20 23 -20 24 -20 25 -20 26 -20 27 -20 28 -20 29
 -20 30 -20 31 -20 32 -20 33 -20 34 -20 35 -20 36 -20 37 -20 38 -20 39
 -20 40 -20 41 -20 42 -20 43 -20 44 -20 45 -20 46 -20 47 -20 48 -20 49
 -20 50 -20 51 -20 52 -20 53 -20 54 -20 55 -20 56 -20 57 -20 58 -20 59
 -20 60 -20 61 -20 62 -20 63 -20 64 -20 65 -20 66 -20 67 -20 68 -20 69
 -20 70 -20 71 -20 72 -20 73 -20 74 -20 75 -20 76 -20 77 -20 78 -20 79
 -20 80 -20 81 -20 82 -20 83 -20 84 -20 85 -20 86 -20 87 -20 88 -20 89
 -20 90 -20 91 -20 92 -20 93 -20 94 -20 95 -20 96 -20 97 -20 98 -20 99
 -20 100 -20 101 -20 102 -20 103 -20 104 -20 105 -20 106 -20 107 -20 108 -20 109
 -20 110 -20 111 -20 112 -20 113 -20 114 -20 115 -20 116 -20 117 -20 118 -20 119
 -20 120 -20 121 -20 122 -20 123 -20 124 -20 125 -20 126 -20 127 -20 128 -20 129
 -20 130 -20 131 -20 132 -20 133 -20 134 -20 135 -20 136 -20 137 -20 138 -20 139
 -20 140 -20 141 -20 142 -20 143 -20 144 -20 145 -20 146 -20 147 -20 148 -20 149
 -20 150 -20 151 -20 152 -20 153 -20 154 -20 155 -20 156 -20 157 -20 158 -20 159
 -20 160 -20 161 -20 162 -20 163 -20 164 -20 165 -20 166 -20 167 -20 168 -20 169
 -20 170 -20 171 -20 172 -20 173 -20 174 -20 175 -20 176 -20 177 -20 178 -20 179
 -20 180 -20 181 -20 182 -20 183 -20 184 -20 185 -20 186 -20 187 -20 188 -20 189
 -20 190 -20 191 -20 192 -20 193 -20 194 -20 195 -20 196 -20 197 -20 198 -20 199
 -20 200 -20 201 -20 202 -20 203 -20 204 -20 205 -20 206 -20 207 -20 208 -20 209
 -20 210 -20 211 -20 212 -20 213 -20 214 -20 215 -20 216 -20 217 -20 218 -20 219
 -20 220 -20 221 -20 222 -20 223 -20 224 -20 225 -20 226 -20 227 -20 228 -20 229
 -20 230 -20 231 -20 232 -20 233 -20 234 -20 235 -20 236 -20 237 -20 238 -20 239
 -20 240 -20 241 -20 242 -20 243 -20 244 -20 245 -20 246 -20 247 -20 248 -20 249
 -20 250 -20 251 -20 252 -20 253 -20 254 -20 255 -20 256 -20 257 -20 258 -20 259
 -20 260 -20 261 -20 262 -20 263 -20 264 -20 265 -20 266 -20 267 -20 268 -20 269
 -20 270 -20 271 -20 272 -20 273 -20 274 -20 275 -20 276 -20 277 -20 278 -20 279
 -20 280 -20 281 -20 282 -20 283 -20 284 -20 285 -20 286 -20 287 -20 288 -20 289
 -20 290 -20 291 -20 292 -20 293 -20 294 -20 295 -20 296 -20 297 -20 298 -20 299
 -20 300 -20 301 -20 302 -20 303 -20 304 -20 305 -20 306 -20 307 -20 308 -20 309
 -20 310 -20 311 -20 312 -20 313 -20 314 -20 315 -20 316 -20 317 -20 318 -20 319
 -20 320 -20 321 -20 322 -20 323 -20 324 -20 325 -20 326 -20 327 -20 328 -20 329
 -20 330 -20 331 -20 332 -20 333 -20 334 -20 335 -20 336 -20 337 -20 338 -20 339
 -20 340 -20 341 -20 342 -20 343 -20 344 -20 345 -20 346 -20 347 -20 348 -20 349
 -20 350 -20 351 -20 352 -20 353 -20 354 -20 355 -20 356 -20 357 -20 358 -20 359
 -20 360
 entity-c boundaries geography lat_lon_10 "lat"
 curve r "lat" 361
 -30 0 -30 1 -30 2 -30 3 -30 4 -30 5 -30 6 -30 7 -30 8 -30 9
 -30 10 -30 11 -30 12 -30 13 -30 14 -30 15 -30 16 -30 17 -30 18 -30 19
 -30 20 -30 21 -30 22 -30 23 -30 24 -30 25 -30 26 -30 27 -30 28 -30 29
 -30 30 -30 31 -30 32 -30 33 -30 34 -30 35 -30 36 -30 37 -30 38 -30 39
 -30 40 -30 41 -30 42 -30 43 -30 44 -30 45 -30 46 -30 47 -30 48 -30 49
 -30 50 -30 51 -30 52 -30 53 -30 54 -30 55 -30 56 -30 57 -30 58 -30 59
 -30 60 -30 61 -30 62 -30 63 -30 64 -30 65 -30 66 -30 67 -30 68 -30 69
 -30 70 -30 71 -30 72 -30 73 -30 74 -30 75 -30 76 -30 77 -30 78 -30 79
 -30 80 -30 81 -30 82 -30 83 -30 84 -30 85 -30 86 -30 87 -30 88 -30 89
 -30 90 -30 91 -30 92 -30 93 -30 94 -30 95 -30 96 -30 97 -30 98 -30 99
 -30 100 -30 101 -30 102 -30 103 -30 104 -30 105 -30 106 -30 107 -30 108 -30 109
 -30 110 -30 111 -30 112 -30 113 -30 114 -30 115 -30 116 -30 117 -30 118 -30 119
 -30 120 -30 121 -30 122 -30 123 -30 124 -30 125 -30 126 -30 127 -30 128 -30 129
 -30 130 -30 131 -30 132 -30 133 -30 134 -30 135 -30 136 -30 137 -30 138 -30 139
 -30 140 -30 141 -30 142 -30 143 -30 144 -30 145 -30 146 -30 147 -30 148 -30 149
 -30 150 -30 151 -30 152 -30 153 -30 154 -30 155 -30 156 -30 157 -30 158 -30 159
 -30 160 -30 161 -30 162 -30 163 -30 164 -30 165 -30 166 -30 167 -30 168 -30 169
 -30 170 -30 171 -30 172 -30 173 -30 174 -30 175 -30 176 -30 177 -30 178 -30 179
 -30 180 -30 181 -30 182 -30 183 -30 184 -30 185 -30 186 -30 187 -30 188 -30 189
 -30 190 -30 191 -30 192 -30 193 -30 194 -30 195 -30 196 -30 197 -30 198 -30 199
 -30 200 -30 201 -30 202 -30 203 -30 204 -30 205 -30 206 -30 207 -30 208 -30 209
 -30 210 -30 211 -30 212 -30 213 -30 214 -30 215 -30 216 -30 217 -30 218 -30 219
 -30 220 -30 221 -30 222 -30 223 -30 224 -30 225 -30 226 -30 227 -30 228 -30 229
 -30 230 -30 231 -30 232 -30 233 -30 234 -30 235 -30 236 -30 237 -30 238 -30 239
 -30 240 -30 241 -30 242 -30 243 -30 244 -30 245 -30 246 -30 247 -30 248 -30 249
 -30 250 -30 251 -30 252 -30 253 -30 254 -30 255 -30 256 -30 257 -30 258 -30 259
 -30 260 -30 261 -30 262 -30 263 -30 264 -30 265 -30 266 -30 267 -30 268 -30 269
 -30 270 -30 271 -30 272 -30 273 -30 274 -30 275 -30 276 -30 277 -30 278 -30 279
 -30 280 -30 281 -30 282 -30 283 -30 284 -30 285 -30 286 -30 287 -30 288 -30 289
 -30 290 -30 291 -30 292 -30 293 -30 294 -30 295 -30 296 -30 297 -30 298 -30 299
 -30 300 -30 301 -30 302 -30 303 -30 304 -30 305 -30 306 -30 307 -30 308 -30 309
 -30 310 -30 311 -30 312 -30 313 -30 314 -30 315 -30 316 -30 317 -30 318 -30 319
 -30 320 -30 321 -30 322 -30 323 -30 324 -30 325 -30 326 -30 327 -30 328 -30 329
 -30 330 -30 331 -30 332 -30 333 -30 334 -30 335 -30 336 -30 337 -30 338 -30 339
 -30 340 -30 341 -30 342 -30 343 -30 344 -30 345 -30 346 -30 347 -30 348 -30 349
 -30 350 -30 351 -30 352 -30 353 -30 354 -30 355 -30 356 -30 357 -30 358 -30 359
 -30 360
 entity-c boundaries geography lat_lon_10 "lat"
 curve r "lat" 361
 -40 0 -40 1 -40 2 -40 3 -40 4 -40 5 -40 6 -40 7 -40 8 -40 9
 -40 10 -40 11 -40 12 -40 13 -40 14 -40 15 -40 16 -40 17 -40 18 -40 19
 -40 20 -40 21 -40 22 -40 23 -40 24 -40 25 -40 26 -40 27 -40 28 -40 29
 -40 30 -40 31 -40 32 -40 33 -40 34 -40 35 -40 36 -40 37 -40 38 -40 39
 -40 40 -40 41 -40 42 -40 43 -40 44 -40 45 -40 46 -40 47 -40 48 -40 49
 -40 50 -40 51 -40 52 -40 53 -40 54 -40 55 -40 56 -40 57 -40 58 -40 59
 -40 60 -40 61 -40 62 -40 63 -40 64 -40 65 -40 66 -40 67 -40 68 -40 69
 -40 70 -40 71 -40 72 -40 73 -40 74 -40 75 -40 76 -40 77 -40 78 -40 79
 -40 80 -40 81 -40 82 -40 83 -40 84 -40 85 -40 86 -40 87 -40 88 -40 89
 -40 90 -40 91 -40 92 -40 93 -40 94 -40 95 -40 96 -40 97 -40 98 -40 99
 -40 100 -40 101 -40 102 -40 103 -40 104 -40 105 -40 106 -40 107 -40 108 -40 109
 -40 110 -40 111 -40 112 -40 113 -40 114 -40 115 -40 116 -40 117 -40 118 -40 119
 -40 120 -40 121 -40 122 -40 123 -40 124 -40 125 -40 126 -40 127 -40 128 -40 129
 -40 130 -40 131 -40 132 -40 133 -40 134 -40 135 -40 136 -40 137 -40 138 -40 139
 -40 140 -40 141 -40 142 -40 143 -40 144 -40 145 -40 146 -40 147 -40 148 -40 149
 -40 150 -40 151 -40 152 -40 153 -40 154 -40 155 -40 156 -40 157 -40 158 -40 159
 -40 160 -40 161 -40 162 -40 163 -40 164 -40 165 -40 166 -40 167 -40 168 -40 169
 -40 170 -40 171 -40 172 -40 173 -40 174 -40 175 -40 176 -40 177 -40 178 -40 179
 -40 180 -40 181 -40 182 -40 183 -40 184 -40 185 -40 186 -40 187 -40 188 -40 189
 -40 190 -40 191 -40 192 -40 193 -40 194 -40 195 -40 196 -40 197 -40 198 -40 199
 -40 200 -40 201 -40 202 -40 203 -40 204 -40 205 -40 206 -40 207 -40 208 -40 209
 -40 210 -40 211 -40 212 -40 213 -40 214 -40 215 -40 216 -40 217 -40 218 -40 219
 -40 220 -40 221 -40 222 -40 223 -40 224 -40 225 -40 226 -40 227 -40 228 -40 229
 -40 230 -40 231 -40 232 -40 233 -40 234 -40 235 -40 236 -40 237 -40 238 -40 239
 -40 240 -40 241 -40 242 -40 243 -40 244 -40 245 -40 246 -40 247 -40 248 -40 249
 -40 250 -40 251 -40 252 -40 253 -40 254 -40 255 -40 256 -40 257 -40 258 -40 259
 -40 260 -40 261 -40 262 -40 263 -40 264 -40 265 -40 266 -40 267 -40 268 -40 269
 -40 270 -40 271 -40 272 -40 273 -40 274 -40 275 -40 276 -40 277 -40 278 -40 279
 -40 280 -40 281 -40 282 -40 283 -40 284 -40 285 -40 286 -40 287 -40 288 -40 289
 -40 290 -40 291 -40 292 -40 293 -40 294 -40 295 -40 296 -40 297 -40 298 -40 299
 -40 300 -40 301 -40 302 -40 303 -40 304 -40 305 -40 306 -40 307 -40 308 -40 309
 -40 310 -40 311 -40 312 -40 313 -40 314 -40 315 -40 316 -40 317 -40 318 -40 319
 -40 320 -40 321 -40 322 -40 323 -40 324 -40 325 -40 326 -40 327 -40 328 -40 329
 -40 330 -40 331 -40 332 -40 333 -40 334 -40 335 -40 336 -40 337 -40 338 -40 339
 -40 340 -40 341 -40 342 -40 343 -40 344 -40 345 -40 346 -40 347 -40 348 -40 349
 -40 350 -40 351 -40 352 -40 353 -40 354 -40 355 -40 356 -40 357 -40 358 -40 359
 -40 360
 entity-c boundaries geography lat_lon_10 "lat"
 curve r "lat" 361
 -50 0 -50 1 -50 2 -50 3 -50 4 -50 5 -50 6 -50 7 -50 8 -50 9
 -50 10 -50 11 -50 12 -50 13 -50 14 -50 15 -50 16 -50 17 -50 18 -50 19
 -50 20 -50 21 -50 22 -50 23 -50 24 -50 25 -50 26 -50 27 -50 28 -50 29
 -50 30 -50 31 -50 32 -50 33 -50 34 -50 35 -50 36 -50 37 -50 38 -50 39
 -50 40 -50 41 -50 42 -50 43 -50 44 -50 45 -50 46 -50 47 -50 48 -50 49
 -50 50 -50 51 -50 52 -50 53 -50 54 -50 55 -50 56 -50 57 -50 58 -50 59
 -50 60 -50 61 -50 62 -50 63 -50 64 -50 65 -50 66 -50 67 -50 68 -50 69
 -50 70 -50 71 -50 72 -50 73 -50 74 -50 75 -50 76 -50 77 -50 78 -50 79
 -50 80 -50 81 -50 82 -50 83 -50 84 -50 85 -50 86 -50 87 -50 88 -50 89
 -50 90 -50 91 -50 92 -50 93 -50 94 -50 95 -50 96 -50 97 -50 98 -50 99
 -50 100 -50 101 -50 102 -50 103 -50 104 -50 105 -50 106 -50 107 -50 108 -50 109
 -50 110 -50 111 -50 112 -50 113 -50 114 -50 115 -50 116 -50 117 -50 118 -50 119
 -50 120 -50 121 -50 122 -50 123 -50 124 -50 125 -50 126 -50 127 -50 128 -50 129
 -50 130 -50 131 -50 132 -50 133 -50 134 -50 135 -50 136 -50 137 -50 138 -50 139
 -50 140 -50 141 -50 142 -50 143 -50 144 -50 145 -50 146 -50 147 -50 148 -50 149
 -50 150 -50 151 -50 152 -50 153 -50 154 -50 155 -50 156 -50 157 -50 158 -50 159
 -50 160 -50 161 -50 162 -50 163 -50 164 -50 165 -50 166 -50 167 -50 168 -50 169
 -50 170 -50 171 -50 172 -50 173 -50 174 -50 175 -50 176 -50 177 -50 178 -50 179
 -50 180 -50 181 -50 182 -50 183 -50 184 -50 185 -50 186 -50 187 -50 188 -50 189
 -50 190 -50 191 -50 192 -50 193 -50 194 -50 195 -50 196 -50 197 -50 198 -50 199
 -50 200 -50 201 -50 202 -50 203 -50 204 -50 205 -50 206 -50 207 -50 208 -50 209
 -50 210 -50 211 -50 212 -50 213 -50 214 -50 215 -50 216 -50 217 -50 218 -50 219
 -50 220 -50 221 -50 222 -50 223 -50 224 -50 225 -50 226 -50 227 -50 228 -50 229
 -50 230 -50 231 -50 232 -50 233 -50 234 -50 235 -50 236 -50 237 -50 238 -50 239
 -50 240 -50 241 -50 242 -50 243 -50 244 -50 245 -50 246 -50 247 -50 248 -50 249
 -50 250 -50 251 -50 252 -50 253 -50 254 -50 255 -50 256 -50 257 -50 258 -50 259
 -50 260 -50 261 -50 262 -50 263 -50 264 -50 265 -50 266 -50 267 -50 268 -50 269
 -50 270 -50 271 -50 272 -50 273 -50 274 -50 275 -50 276 -50 277 -50 278 -50 279
 -50 280 -50 281 -50 282 -50 283 -50 284 -50 285 -50 286 -50 287 -50 288 -50 289
 -50 290 -50 291 -50 292 -50 293 -50 294 -50 295 -50 296 -50 297 -50 298 -50 299
 -50 300 -50 301 -50 302 -50 303 -50 304 -50 305 -50 306 -50 307 -50 308 -50 309
 -50 310 -50 311 -50 312 -50 313 -50 314 -50 315 -50 316 -50 317 -50 318 -50 319
 -50 320 -50 321 -50 322 -50 323 -50 324 -50 325 -50 326 -50 327 -50 328 -50 329
 -50 330 -50 331 -50 332 -50 333 -50 334 -50 335 -50 336 -50 337 -50 338 -50 339
 -50 340 -50 341 -50 342 -50 343 -50 344 -50 345 -50 346 -50 347 -50 348 -50 349
 -50 350 -50 351 -50 352 -50 353 -50 354 -50 355 -50 356 -50 357 -50 358 -50 359
 -50 360
 entity-c boundaries geography lat_lon_10 "lat"
 curve r "lat" 361
 -60 0 -60 1 -60 2 -60 3 -60 4 -60 5 -60 6 -60 7 -60 8 -60 9
 -60 10 -60 11 -60 12 -60 13 -60 14 -60 15 -60 16 -60 17 -60 18 -60 19
 -60 20 -60 21 -60 22 -60 23 -60 24 -60 25 -60 26 -60 27 -60 28 -60 29
 -60 30 -60 31 -60 32 -60 33 -60 34 -60 35 -60 36 -60 37 -60 38 -60 39
 -60 40 -60 41 -60 42 -60 43 -60 44 -60 45 -60 46 -60 47 -60 48 -60 49
 -60 50 -60 51 -60 52 -60 53 -60 54 -60 55 -60 56 -60 57 -60 58 -60 59
 -60 60 -60 61 -60 62 -60 63 -60 64 -60 65 -60 66 -60 67 -60 68 -60 69
 -60 70 -60 71 -60 72 -60 73 -60 74 -60 75 -60 76 -60 77 -60 78 -60 79
 -60 80 -60 81 -60 82 -60 83 -60 84 -60 85 -60 86 -60 87 -60 88 -60 89
 -60 90 -60 91 -60 92 -60 93 -60 94 -60 95 -60 96 -60 97 -60 98 -60 99
 -60 100 -60 101 -60 102 -60 103 -60 104 -60 105 -60 106 -60 107 -60 108 -60 109
 -60 110 -60 111 -60 112 -60 113 -60 114 -60 115 -60 116 -60 117 -60 118 -60 119
 -60 120 -60 121 -60 122 -60 123 -60 124 -60 125 -60 126 -60 127 -60 128 -60 129
 -60 130 -60 131 -60 132 -60 133 -60 134 -60 135 -60 136 -60 137 -60 138 -60 139
 -60 140 -60 141 -60 142 -60 143 -60 144 -60 145 -60 146 -60 147 -60 148 -60 149
 -60 150 -60 151 -60 152 -60 153 -60 154 -60 155 -60 156 -60 157 -60 158 -60 159
 -60 160 -60 161 -60 162 -60 163 -60 164 -60 165 -60 166 -60 167 -60 168 -60 169
 -60 170 -60 171 -60 172 -60 173 -60 174 -60 175 -60 176 -60 177 -60 178 -60 179
 -60 180 -60 181 -60 182 -60 183 -60 184 -60 185 -60 186 -60 187 -60 188 -60 189
 -60 190 -60 191 -60 192 -60 193 -60 194 -60 195 -60 196 -60 197 -60 198 -60 199
 -60 200 -60 201 -60 202 -60 203 -60 204 -60 205 -60 206 -60 207 -60 208 -60 209
 -60 210 -60 211 -60 212 -60 213 -60 214 -60 215 -60 216 -60 217 -60 218 -60 219
 -60 220 -60 221 -60 222 -60 223 -60 224 -60 225 -60 226 -60 227 -60 228 -60 229
 -60 230 -60 231 -60 232 -60 233 -60 234 -60 235 -60 236 -60 237 -60 238 -60 239
 -60 240 -60 241 -60 242 -60 243 -60 244 -60 245 -60 246 -60 247 -60 248 -60 249
 -60 250 -60 251 -60 252 -60 253 -60 254 -60 255 -60 256 -60 257 -60 258 -60 259
 -60 260 -60 261 -60 262 -60 263 -60 264 -60 265 -60 266 -60 267 -60 268 -60 269
 -60 270 -60 271 -60 272 -60 273 -60 274 -60 275 -60 276 -60 277 -60 278 -60 279
 -60 280 -60 281 -60 282 -60 283 -60 284 -60 285 -60 286 -60 287 -60 288 -60 289
 -60 290 -60 291 -60 292 -60 293 -60 294 -60 295 -60 296 -60 297 -60 298 -60 299
 -60 300 -60 301 -60 302 -60 303 -60 304 -60 305 -60 306 -60 307 -60 308 -60 309
 -60 310 -60 311 -60 312 -60 313 -60 314 -60 315 -60 316 -60 317 -60 318 -60 319
 -60 320 -60 321 -60 322 -60 323 -60 324 -60 325 -60 326 -60 327 -60 328 -60 329
 -60 330 -60 331 -60 332 -60 333 -60 334 -60 335 -60 336 -60 337 -60 338 -60 339
 -60 340 -60 341 -60 342 -60 343 -60 344 -60 345 -60 346 -60 347 -60 348 -60 349
 -60 350 -60 351 -60 352 -60 353 -60 354 -60 355 -60 356 -60 357 -60 358 -60 359
 -60 360
 entity-c boundaries geography lat_lon_10 "lat"
 curve r "lat" 361
 -70 0 -70 1 -70 2 -70 3 -70 4 -70 5 -70 6 -70 7 -70 8 -70 9
 -70 10 -70 11 -70 12 -70 13 -70 14 -70 15 -70 16 -70 17 -70 18 -70 19
 -70 20 -70 21 -70 22 -70 23 -70 24 -70 25 -70 26 -70 27 -70 28 -70 29
 -70 30 -70 31 -70 32 -70 33 -70 34 -70 35 -70 36 -70 37 -70 38 -70 39
 -70 40 -70 41 -70 42 -70 43 -70 44 -70 45 -70 46 -70 47 -70 48 -70 49
 -70 50 -70 51 -70 52 -70 53 -70 54 -70 55 -70 56 -70 57 -70 58 -70 59
 -70 60 -70 61 -70 62 -70 63 -70 64 -70 65 -70 66 -70 67 -70 68 -70 69
 -70 70 -70 71 -70 72 -70 73 -70 74 -70 75 -70 76 -70 77 -70 78 -70 79
 -70 80 -70 81 -70 82 -70 83 -70 84 -70 85 -70 86 -70 87 -70 88 -70 89
 -70 90 -70 91 -70 92 -70 93 -70 94 -70 95 -70 96 -70 97 -70 98 -70 99
 -70 100 -70 101 -70 102 -70 103 -70 104 -70 105 -70 106 -70 107 -70 108 -70 109
 -70 110 -70 111 -70 112 -70 113 -70 114 -70 115 -70 116 -70 117 -70 118 -70 119
 -70 120 -70 121 -70 122 -70 123 -70 124 -70 125 -70 126 -70 127 -70 128 -70 129
 -70 130 -70 131 -70 132 -70 133 -70 134 -70 135 -70 136 -70 137 -70 138 -70 139
 -70 140 -70 141 -70 142 -70 143 -70 144 -70 145 -70 146 -70 147 -70 148 -70 149
 -70 150 -70 151 -70 152 -70 153 -70 154 -70 155 -70 156 -70 157 -70 158 -70 159
 -70 160 -70 161 -70 162 -70 163 -70 164 -70 165 -70 166 -70 167 -70 168 -70 169
 -70 170 -70 171 -70 172 -70 173 -70 174 -70 175 -70 176 -70 177 -70 178 -70 179
 -70 180 -70 181 -70 182 -70 183 -70 184 -70 185 -70 186 -70 187 -70 188 -70 189
 -70 190 -70 191 -70 192 -70 193 -70 194 -70 195 -70 196 -70 197 -70 198 -70 199
 -70 200 -70 201 -70 202 -70 203 -70 204 -70 205 -70 206 -70 207 -70 208 -70 209
 -70 210 -70 211 -70 212 -70 213 -70 214 -70 215 -70 216 -70 217 -70 218 -70 219
 -70 220 -70 221 -70 222 -70 223 -70 224 -70 225 -70 226 -70 227 -70 228 -70 229
 -70 230 -70 231 -70 232 -70 233 -70 234 -70 235 -70 236 -70 237 -70 238 -70 239
 -70 240 -70 241 -70 242 -70 243 -70 244 -70 245 -70 246 -70 247 -70 248 -70 249
 -70 250 -70 251 -70 252 -70 253 -70 254 -70 255 -70 256 -70 257 -70 258 -70 259
 -70 260 -70 261 -70 262 -70 263 -70 264 -70 265 -70 266 -70 267 -70 268 -70 269
 -70 270 -70 271 -70 272 -70 273 -70 274 -70 275 -70 276 -70 277 -70 278 -70 279
 -70 280 -70 281 -70 282 -70 283 -70 284 -70 285 -70 286 -70 287 -70 288 -70 289
 -70 290 -70 291 -70 292 -70 293 -70 294 -70 295 -70 296 -70 297 -70 298 -70 299
 -70 300 -70 301 -70 302 -70 303 -70 304 -70 305 -70 306 -70 307 -70 308 -70 309
 -70 310 -70 311 -70 312 -70 313 -70 314 -70 315 -70 316 -70 317 -70 318 -70 319
 -70 320 -70 321 -70 322 -70 323 -70 324 -70 325 -70 326 -70 327 -70 328 -70 329
 -70 330 -70 331 -70 332 -70 333 -70 334 -70 335 -70 336 -70 337 -70 338 -70 339
 -70 340 -70 341 -70 342 -70 343 -70 344 -70 345 -70 346 -70 347 -70 348 -70 349
 -70 350 -70 351 -70 352 -70 353 -70 354 -70 355 -70 356 -70 357 -70 358 -70 359
 -70 360
 entity-c boundaries geography lat_lon_10 "lat"
 curve r "lat" 361
 -80 0 -80 1 -80 2 -80 3 -80 4 -80 5 -80 6 -80 7 -80 8 -80 9
 -80 10 -80 11 -80 12 -80 13 -80 14 -80 15 -80 16 -80 17 -80 18 -80 19
 -80 20 -80 21 -80 22 -80 23 -80 24 -80 25 -80 26 -80 27 -80 28 -80 29
 -80 30 -80 31 -80 32 -80 33 -80 34 -80 35 -80 36 -80 37 -80 38 -80 39
 -80 40 -80 41 -80 42 -80 43 -80 44 -80 45 -80 46 -80 47 -80 48 -80 49
 -80 50 -80 51 -80 52 -80 53 -80 54 -80 55 -80 56 -80 57 -80 58 -80 59
 -80 60 -80 61 -80 62 -80 63 -80 64 -80 65 -80 66 -80 67 -80 68 -80 69
 -80 70 -80 71 -80 72 -80 73 -80 74 -80 75 -80 76 -80 77 -80 78 -80 79
 -80 80 -80 81 -80 82 -80 83 -80 84 -80 85 -80 86 -80 87 -80 88 -80 89
 -80 90 -80 91 -80 92 -80 93 -80 94 -80 95 -80 96 -80 97 -80 98 -80 99
 -80 100 -80 101 -80 102 -80 103 -80 104 -80 105 -80 106 -80 107 -80 108 -80 109
 -80 110 -80 111 -80 112 -80 113 -80 114 -80 115 -80 116 -80 117 -80 118 -80 119
 -80 120 -80 121 -80 122 -80 123 -80 124 -80 125 -80 126 -80 127 -80 128 -80 129
 -80 130 -80 131 -80 132 -80 133 -80 134 -80 135 -80 136 -80 137 -80 138 -80 139
 -80 140 -80 141 -80 142 -80 143 -80 144 -80 145 -80 146 -80 147 -80 148 -80 149
 -80 150 -80 151 -80 152 -80 153 -80 154 -80 155 -80 156 -80 157 -80 158 -80 159
 -80 160 -80 161 -80 162 -80 163 -80 164 -80 165 -80 166 -80 167 -80 168 -80 169
 -80 170 -80 171 -80 172 -80 173 -80 174 -80 175 -80 176 -80 177 -80 178 -80 179
 -80 180 -80 181 -80 182 -80 183 -80 184 -80 185 -80 186 -80 187 -80 188 -80 189
 -80 190 -80 191 -80 192 -80 193 -80 194 -80 195 -80 196 -80 197 -80 198 -80 199
 -80 200 -80 201 -80 202 -80 203 -80 204 -80 205 -80 206 -80 207 -80 208 -80 209
 -80 210 -80 211 -80 212 -80 213 -80 214 -80 215 -80 216 -80 217 -80 218 -80 219
 -80 220 -80 221 -80 222 -80 223 -80 224 -80 225 -80 226 -80 227 -80 228 -80 229
 -80 230 -80 231 -80 232 -80 233 -80 234 -80 235 -80 236 -80 237 -80 238 -80 239
 -80 240 -80 241 -80 242 -80 243 -80 244 -80 245 -80 246 -80 247 -80 248 -80 249
 -80 250 -80 251 -80 252 -80 253 -80 254 -80 255 -80 256 -80 257 -80 258 -80 259
 -80 260 -80 261 -80 262 -80 263 -80 264 -80 265 -80 266 -80 267 -80 268 -80 269
 -80 270 -80 271 -80 272 -80 273 -80 274 -80 275 -80 276 -80 277 -80 278 -80 279
 -80 280 -80 281 -80 282 -80 283 -80 284 -80 285 -80 286 -80 287 -80 288 -80 289
 -80 290 -80 291 -80 292 -80 293 -80 294 -80 295 -80 296 -80 297 -80 298 -80 299
 -80 300 -80 301 -80 302 -80 303 -80 304 -80 305 -80 306 -80 307 -80 308 -80 309
 -80 310 -80 311 -80 312 -80 313 -80 314 -80 315 -80 316 -80 317 -80 318 -80 319
 -80 320 -80 321 -80 322 -80 323 -80 324 -80 325 -80 326 -80 327 -80 328 -80 329
 -80 330 -80 331 -80 332 -80 333 -80 334 -80 335 -80 336 -80 337 -80 338 -80 339
 -80 340 -80 341 -80 342 -80 343 -80 344 -80 345 -80 346 -80 347 -80 348 -80 349
 -80 350 -80 351 -80 352 -80 353 -80 354 -80 355 -80 356 -80 357 -80 358 -80 359
 -80 360
 entity-c boundaries geography lat_lon_10 "lon"
 curve r "lon" 37
 90 0 85 0
 80 0  75 0  70 0  65 0  60 0  55 0  50 0  45 0  40 0 
 35 0  30 0  25 0  20 0  15 0  10 0  5 0  0 0  -5 0  -10 0 
 -15 0  -20 0  -25 0  -30 0  -35 0  -40 0  -45 0  -50 0  -55 0  -60 0 
 -65 0  -70 0  -75 0  -80 0 
 -85 0 -90 0
 entity-c boundaries geography lat_lon_10 "lon"
 curve r "lon" 33
 80 10  75 10  70 10  65 10  60 10  55 10 
 50 10  45 10  40 10  35 10  30 10  25 10  20 10  15 10  10 10  5 10 
 0 10  -5 10  -10 10  -15 10  -20 10  -25 10  -30 10  -35 10  -40 10  -45 10 
 -50 10  -55 10  -60 10  -65 10  -70 10  -75 10  -80 10 
 entity-c boundaries geography lat_lon_10 "lon"
 curve r "lon" 33
 80 20  75 20  70 20 
 65 20  60 20  55 20  50 20  45 20  40 20  35 20  30 20  25 20  20 20 
 15 20  10 20  5 20  0 20  -5 20  -10 20  -15 20  -20 20  -25 20  -30 20 
 -35 20  -40 20  -45 20  -50 20  -55 20  -60 20  -65 20  -70 20  -75 20  -80 20 

 entity-c boundaries geography lat_lon_10 "lon"
 curve r "lon" 33
 80 30  75 30  70 30  65 30  60 30  55 30  50 30  45 30  40 30  35 30 
 30 30  25 30  20 30  15 30  10 30  5 30  0 30  -5 30  -10 30  -15 30 
 -20 30  -25 30  -30 30  -35 30  -40 30  -45 30  -50 30  -55 30  -60 30  -65 30 
 -70 30  -75 30  -80 30 
 entity-c boundaries geography lat_lon_10 "lon"
 curve r "lon" 33
 80 40  75 40  70 40  65 40  60 40  55 40  50 40 
 45 40  40 40  35 40  30 40  25 40  20 40  15 40  10 40  5 40  0 40 
 -5 40  -10 40  -15 40  -20 40  -25 40  -30 40  -35 40  -40 40  -45 40  -50 40 
 -55 40  -60 40  -65 40  -70 40  -75 40  -80 40 
 entity-c boundaries geography lat_lon_10 "lon"
 curve r "lon" 33
 80 50  75 50  70 50  65 50 
 60 50  55 50  50 50  45 50  40 50  35 50  30 50  25 50  20 50  15 50 
 10 50  5 50  0 50  -5 50  -10 50  -15 50  -20 50  -25 50  -30 50  -35 50 
 -40 50  -45 50  -50 50  -55 50  -60 50  -65 50  -70 50  -75 50  -80 50 
 entity-c boundaries geography lat_lon_10 "lon"
 curve r "lon" 33
 80 60 
 75 60  70 60  65 60  60 60  55 60  50 60  45 60  40 60  35 60  30 60 
 25 60  20 60  15 60  10 60  5 60  0 60  -5 60  -10 60  -15 60  -20 60 
 -25 60  -30 60  -35 60  -40 60  -45 60  -50 60  -55 60  -60 60  -65 60  -70 60 
 -75 60  -80 60 
 entity-c boundaries geography lat_lon_10 "lon"
 curve r "lon" 33
 80 70  75 70  70 70  65 70  60 70  55 70  50 70  45 70 
 40 70  35 70  30 70  25 70  20 70  15 70  10 70  5 70  0 70  -5 70 
 -10 70  -15 70  -20 70  -25 70  -30 70  -35 70  -40 70  -45 70  -50 70  -55 70 
 -60 70  -65 70  -70 70  -75 70  -80 70 
 entity-c boundaries geography lat_lon_10 "lon"
 curve r "lon" 33
 80 80  75 80  70 80  65 80  60 80 
 55 80  50 80  45 80  40 80  35 80  30 80  25 80  20 80  15 80  10 80 
 5 80  0 80  -5 80  -10 80  -15 80  -20 80  -25 80  -30 80  -35 80  -40 80 
 -45 80  -50 80  -55 80  -60 80  -65 80  -70 80  -75 80  -80 80 
 entity-c boundaries geography lat_lon_10 "lon"
 curve r "lon" 37
 90 90  85 90 
 80 90  75 90 
 70 90  65 90  60 90  55 90  50 90  45 90  40 90  35 90  30 90  25 90 
 20 90  15 90  10 90  5 90  0 90  -5 90  -10 90  -15 90  -20 90  -25 90 
 -30 90  -35 90  -40 90  -45 90  -50 90  -55 90  -60 90  -65 90  -70 90  -75 90 
 -80 90 
 -85 90 -90 90 
 entity-c boundaries geography lat_lon_10 "lon"
 curve r "lon" 33
 80 100  75 100  70 100  65 100  60 100  55 100  50 100  45 100  40 100 
 35 100  30 100  25 100  20 100  15 100  10 100  5 100  0 100  -5 100  -10 100 
 -15 100  -20 100  -25 100  -30 100  -35 100  -40 100  -45 100  -50 100  -55 100  -60 100 
 -65 100  -70 100  -75 100  -80 100 
 entity-c boundaries geography lat_lon_10 "lon"
 curve r "lon" 33
 80 110  75 110  70 110  65 110  60 110  55 110 
 50 110  45 110  40 110  35 110  30 110  25 110  20 110  15 110  10 110  5 110 
 0 110  -5 110  -10 110  -15 110  -20 110  -25 110  -30 110  -35 110  -40 110  -45 110 
 -50 110  -55 110  -60 110  -65 110  -70 110  -75 110  -80 110 
 entity-c boundaries geography lat_lon_10 "lon"
 curve r "lon" 33
 80 120  75 120  70 120 
 65 120  60 120  55 120  50 120  45 120  40 120  35 120  30 120  25 120  20 120 
 15 120  10 120  5 120  0 120  -5 120  -10 120  -15 120  -20 120  -25 120  -30 120 
 -35 120  -40 120  -45 120  -50 120  -55 120  -60 120  -65 120  -70 120  -75 120  -80 120 

 entity-c boundaries geography lat_lon_10 "lon"
 curve r "lon" 33
 80 130  75 130  70 130  65 130  60 130  55 130  50 130  45 130  40 130  35 130 
 30 130  25 130  20 130  15 130  10 130  5 130  0 130  -5 130  -10 130  -15 130 
 -20 130  -25 130  -30 130  -35 130  -40 130  -45 130  -50 130  -55 130  -60 130  -65 130 
 -70 130  -75 130  -80 130 
 entity-c boundaries geography lat_lon_10 "lon"
 curve r "lon" 33
 80 140  75 140  70 140  65 140  60 140  55 140  50 140 
 45 140  40 140  35 140  30 140  25 140  20 140  15 140  10 140  5 140  0 140 
 -5 140  -10 140  -15 140  -20 140  -25 140  -30 140  -35 140  -40 140  -45 140  -50 140 
 -55 140  -60 140  -65 140  -70 140  -75 140  -80 140 
 entity-c boundaries geography lat_lon_10 "lon"
 curve r "lon" 33
 80 150  75 150  70 150  65 150 
 60 150  55 150  50 150  45 150  40 150  35 150  30 150  25 150  20 150  15 150 
 10 150  5 150  0 150  -5 150  -10 150  -15 150  -20 150  -25 150  -30 150  -35 150 
 -40 150  -45 150  -50 150  -55 150  -60 150  -65 150  -70 150  -75 150  -80 150 
 entity-c boundaries geography lat_lon_10 "lon"
 curve r "lon" 33
 80 160 
 75 160  70 160  65 160  60 160  55 160  50 160  45 160  40 160  35 160  30 160 
 25 160  20 160  15 160  10 160  5 160  0 160  -5 160  -10 160  -15 160  -20 160 
 -25 160  -30 160  -35 160  -40 160  -45 160  -50 160  -55 160  -60 160  -65 160  -70 160 
 -75 160  -80 160 
 entity-c boundaries geography lat_lon_10 "lon"
 curve r "lon" 33
 80 170  75 170  70 170  65 170  60 170  55 170  50 170  45 170 
 40 170  35 170  30 170  25 170  20 170  15 170  10 170  5 170  0 170  -5 170 
 -10 170  -15 170  -20 170  -25 170  -30 170  -35 170  -40 170  -45 170  -50 170  -55 170 
 -60 170  -65 170  -70 170  -75 170  -80 170 
 entity-c boundaries geography lat_lon_10 "lon"
 curve r "lon" 37
 90 180 85 180
 80 180  75 180  70 180  65 180  60 180 
 55 180  50 180  45 180  40 180  35 180  30 180  25 180  20 180  15 180  10 180 
 5 180  0 180  -5 180  -10 180  -15 180  -20 180  -25 180  -30 180  -35 180  -40 180 
 -45 180  -50 180  -55 180  -60 180  -65 180  -70 180  -75 180  -80 180 
 -85 180 -90 180
 entity-c boundaries geography lat_lon_10 "lon"
 curve r "lon" 33
 80 190  75 190 
 70 190  65 190  60 190  55 190  50 190  45 190  40 190  35 190  30 190  25 190 
 20 190  15 190  10 190  5 190  0 190  -5 190  -10 190  -15 190  -20 190  -25 190 
 -30 190  -35 190  -40 190  -45 190  -50 190  -55 190  -60 190  -65 190  -70 190  -75 190 
 -80 190 
 entity-c boundaries geography lat_lon_10 "lon"
 curve r "lon" 33
 80 200  75 200  70 200  65 200  60 200  55 200  50 200  45 200  40 200 
 35 200  30 200  25 200  20 200  15 200  10 200  5 200  0 200  -5 200  -10 200 
 -15 200  -20 200  -25 200  -30 200  -35 200  -40 200  -45 200  -50 200  -55 200  -60 200 
 -65 200  -70 200  -75 200  -80 200 
 entity-c boundaries geography lat_lon_10 "lon"
 curve r "lon" 33
 80 210  75 210  70 210  65 210  60 210  55 210 
 50 210  45 210  40 210  35 210  30 210  25 210  20 210  15 210  10 210  5 210 
 0 210  -5 210  -10 210  -15 210  -20 210  -25 210  -30 210  -35 210  -40 210  -45 210 
 -50 210  -55 210  -60 210  -65 210  -70 210  -75 210  -80 210 
 entity-c boundaries geography lat_lon_10 "lon"
 curve r "lon" 33
 80 220  75 220  70 220 
 65 220  60 220  55 220  50 220  45 220  40 220  35 220  30 220  25 220  20 220 
 15 220  10 220  5 220  0 220  -5 220  -10 220  -15 220  -20 220  -25 220  -30 220 
 -35 220  -40 220  -45 220  -50 220  -55 220  -60 220  -65 220  -70 220  -75 220  -80 220 

 entity-c boundaries geography lat_lon_10 "lon"
 curve r "lon" 33
 80 230  75 230  70 230  65 230  60 230  55 230  50 230  45 230  40 230  35 230 
 30 230  25 230  20 230  15 230  10 230  5 230  0 230  -5 230  -10 230  -15 230 
 -20 230  -25 230  -30 230  -35 230  -40 230  -45 230  -50 230  -55 230  -60 230  -65 230 
 -70 230  -75 230  -80 230 
 entity-c boundaries geography lat_lon_10 "lon"
 curve r "lon" 33
 80 240  75 240  70 240  65 240  60 240  55 240  50 240 
 45 240  40 240  35 240  30 240  25 240  20 240  15 240  10 240  5 240  0 240 
 -5 240  -10 240  -15 240  -20 240  -25 240  -30 240  -35 240  -40 240  -45 240  -50 240 
 -55 240  -60 240  -65 240  -70 240  -75 240  -80 240 
 entity-c boundaries geography lat_lon_10 "lon"
 curve r "lon" 33
 80 250  75 250  70 250  65 250 
 60 250  55 250  50 250  45 250  40 250  35 250  30 250  25 250  20 250  15 250 
 10 250  5 250  0 250  -5 250  -10 250  -15 250  -20 250  -25 250  -30 250  -35 250 
 -40 250  -45 250  -50 250  -55 250  -60 250  -65 250  -70 250  -75 250  -80 250 
 entity-c boundaries geography lat_lon_10 "lon"
 curve r "lon" 33
 80 260 
 75 260  70 260  65 260  60 260  55 260  50 260  45 260  40 260  35 260  30 260 
 25 260  20 260  15 260  10 260  5 260  0 260  -5 260  -10 260  -15 260  -20 260 
 -25 260  -30 260  -35 260  -40 260  -45 260  -50 260  -55 260  -60 260  -65 260  -70 260 
 -75 260  -80 260 
 entity-c boundaries geography lat_lon_10 "lon"
 curve r "lon" 37
 90 270 85 270
 80 270  75 270  70 270  65 270  60 270  55 270  50 270  45 270 
 40 270  35 270  30 270  25 270  20 270  15 270  10 270  5 270  0 270  -5 270 
 -10 270  -15 270  -20 270  -25 270  -30 270  -35 270  -40 270  -45 270  -50 270  -55 270 
 -60 270  -65 270  -70 270  -75 270  -80 270 
 -85 270 -90 270
 entity-c boundaries geography lat_lon_10 "lon"
 curve r "lon" 33
 80 280  75 280  70 280  65 280  60 280 
 55 280  50 280  45 280  40 280  35 280  30 280  25 280  20 280  15 280  10 280 
 5 280  0 280  -5 280  -10 280  -15 280  -20 280  -25 280  -30 280  -35 280  -40 280 
 -45 280  -50 280  -55 280  -60 280  -65 280  -70 280  -75 280  -80 280 
 entity-c boundaries geography lat_lon_10 "lon"
 curve r "lon" 33
 80 290  75 290 
 70 290  65 290  60 290  55 290  50 290  45 290  40 290  35 290  30 290  25 290 
 20 290  15 290  10 290  5 290  0 290  -5 290  -10 290  -15 290  -20 290  -25 290 
 -30 290  -35 290  -40 290  -45 290  -50 290  -55 290  -60 290  -65 290  -70 290  -75 290 
 -80 290 
 entity-c boundaries geography lat_lon_10 "lon"
 curve r "lon" 33
 80 300  75 300  70 300  65 300  60 300  55 300  50 300  45 300  40 300 
 35 300  30 300  25 300  20 300  15 300  10 300  5 300  0 300  -5 300  -10 300 
 -15 300  -20 300  -25 300  -30 300  -35 300  -40 300  -45 300  -50 300  -55 300  -60 300 
 -65 300  -70 300  -75 300  -80 300 
 entity-c boundaries geography lat_lon_10 "lon"
 curve r "lon" 33
 80 310  75 310  70 310  65 310  60 310  55 310 
 50 310  45 310  40 310  35 310  30 310  25 310  20 310  15 310  10 310  5 310 
 0 310  -5 310  -10 310  -15 310  -20 310  -25 310  -30 310  -35 310  -40 310  -45 310 
 -50 310  -55 310  -60 310  -65 310  -70 310  -75 310  -80 310 
 entity-c boundaries geography lat_lon_10 "lon"
 curve r "lon" 33
 80 320  75 320  70 320 
 65 320  60 320  55 320  50 320  45 320  40 320  35 320  30 320  25 320  20 320 
 15 320  10 320  5 320  0 320  -5 320  -10 320  -15 320  -20 320  -25 320  -30 320 
 -35 320  -40 320  -45 320  -50 320  -55 320  -60 320  -65 320  -70 320  -75 320  -80 320 

 entity-c boundaries geography lat_lon_10 "lon"
 curve r "lon" 33
 80 330  75 330  70 330  65 330  60 330  55 330  50 330  45 330  40 330  35 330 
 30 330  25 330  20 330  15 330  10 330  5 330  0 330  -5 330  -10 330  -15 330 
 -20 330  -25 330  -30 330  -35 330  -40 330  -45 330  -50 330  -55 330  -60 330  -65 330 
 -70 330  -75 330  -80 330 
 entity-c boundaries geography lat_lon_10 "lon"
 curve r "lon" 33
 80 340  75 340  70 340  65 340  60 340  55 340  50 340 
 45 340  40 340  35 340  30 340  25 340  20 340  15 340  10 340  5 340  0 340 
 -5 340  -10 340  -15 340  -20 340  -25 340  -30 340  -35 340  -40 340  -45 340  -50 340 
 -55 340  -60 340  -65 340  -70 340  -75 340  -80 340 
 entity-c boundaries geography lat_lon_10 "lon"
 curve r "lon" 33
 80 350  75 350  70 350  65 350 
 60 350  55 350  50 350  45 350  40 350  35 350  30 350  25 350  20 350  15 350 
 10 350  5 350  0 350  -5 350  -10 350  -15 350  -20 350  -25 350  -30 350  -35 350 
 -40 350  -45 350  -50 350  -55 350  -60 350  -65 350  -70 350  -75 350  -80 350 
*entity-c boundaries geography lat_lon_10 "lon"
*curve r "lon" 37
*90 360 85 360
*80 360 
*75 360  70 360  65 360  60 360  55 360  50 360  45 360  40 360  35 360  30 360 
*25 360  20 360  15 360  10 360  5 360  0 360  -5 360  -10 360  -15 360  -20 360 
*-25 360  -30 360  -35 360  -40 360  -45 360  -50 360  -55 360  -60 360  -65 360  -70 360 
*-75 360  -80 360 
*-85 360 -90 360

* End
